#     AGE           MASS      LOGL     LOGTEFF    LOG G     LOGK2     LOGK3     LOGK4      APOT        BETA
  0.39790989E+06   9.99994   3.79169   4.47101   4.48371  -1.74473  -2.39596  -2.86137 0.13553E+01   0.29349
  0.45313145E+06   9.99993   3.79227   4.47055   4.48130  -1.74572  -2.39697  -2.86239 0.13561E+01   0.29335
  0.51939733E+06   9.99992   3.79295   4.47013   4.47895  -1.74681  -2.39807  -2.86349 0.13570E+01   0.29318
  0.59891637E+06   9.99991   3.79377   4.46976   4.47665  -1.74805  -2.39929  -2.86471 0.13581E+01   0.29299
  0.69433923E+06   9.99989   3.79476   4.46944   4.47436  -1.74943  -2.40066  -2.86607 0.13592E+01   0.29278
  0.80884666E+06   9.99988   3.79594   4.46916   4.47205  -1.75104  -2.40222  -2.86761 0.13607E+01   0.29253
  0.94625558E+06   9.99986   3.79738   4.46892   4.46967  -1.75288  -2.40402  -2.86939 0.13622E+01   0.29225
  0.11111463E+07   9.99983   3.79911   4.46872   4.46714  -1.75509  -2.40615  -2.87148 0.13642E+01   0.29191
  0.13090151E+07   9.99980   3.80121   4.46855   4.46436  -1.75771  -2.40866  -2.87394 0.13666E+01   0.29150
  0.15464577E+07   9.99976   3.80374   4.46839   4.46119  -1.76086  -2.41167  -2.87687 0.13695E+01   0.29100
  0.18313889E+07   9.99972   3.80682   4.46824   4.45750  -1.76466  -2.41528  -2.88040 0.13729E+01   0.29041
  0.21733062E+07   9.99966   3.81055   4.46807   4.45310  -1.76926  -2.41966  -2.88467 0.13772E+01   0.28968
  0.25836070E+07   9.99960   3.81509   4.46787   4.44776  -1.77486  -2.42497  -2.88985 0.13824E+01   0.28880
  0.30759680E+07   9.99952   3.82062   4.46763   4.44123  -1.78172  -2.43146  -2.89618 0.13888E+01   0.28773
  0.36668012E+07   9.99942   3.82739   4.46730   4.43317  -1.79014  -2.43943  -2.90395 0.13968E+01   0.28641
  0.43758010E+07   9.99930   3.83570   4.46687   4.42312  -1.80055  -2.44925  -2.91352 0.14068E+01   0.28478
  0.52266008E+07   9.99915   3.84597   4.46628   4.41047  -1.81352  -2.46145  -2.92542 0.14196E+01   0.28275
  0.62475606E+07   9.99896   3.85878   4.46544   4.39432  -1.82986  -2.47678  -2.94037 0.14360E+01   0.28020
  0.74727123E+07   9.99873   3.87489   4.46424   4.37338  -1.85068  -2.49623  -2.95935 0.14576E+01   0.27695
  0.89428943E+07   9.99843   3.89539   4.46244   4.34567  -1.87760  -2.52130  -2.98382 0.14867E+01   0.27276
  0.10707113E+08   9.99804   3.92165   4.45968   4.30834  -1.91277  -2.55392  -3.01572 0.15268E+01   0.26730
  0.12218436E+08   9.99766   3.94566   4.45660   4.27202  -1.94568  -2.58434  -3.04553 0.15668E+01   0.26220
  0.13552840E+08   9.99730   3.96831   4.45316   4.23558  -1.97737  -2.61357  -3.07420 0.16080E+01   0.25729
  0.14743399E+08   9.99695   3.98995   4.44929   4.19844  -2.00839  -2.64221  -3.10242 0.16509E+01   0.25250
  0.15806434E+08   9.99660   4.01063   4.44501   4.16064  -2.03866  -2.67022  -3.13010 0.16955E+01   0.24783
  0.16752549E+08   9.99627   4.02994   4.44047   4.12314  -2.06752  -2.69699  -3.15663 0.17410E+01   0.24338
  0.17595997E+08   9.99594   4.04801   4.43567   4.08587  -2.09509  -2.72265  -3.18215 0.17874E+01   0.23914
  0.18350970E+08   9.99562   4.06506   4.43059   4.04847  -2.12165  -2.74750  -3.20695 0.18351E+01   0.23507
  0.19025953E+08   9.99531   4.08119   4.42522   4.01086  -2.14733  -2.77164  -3.23113 0.18843E+01   0.23114
  0.19626831E+08   9.99501   4.09640   4.41960   3.97317  -2.17209  -2.79504  -3.25465 0.19350E+01   0.22736
  0.20159383E+08   9.99472   4.11067   4.41380   3.93567  -2.19584  -2.81763  -3.27743 0.19868E+01   0.22374
  0.20630137E+08   9.99445   4.12389   4.40796   3.89908  -2.21831  -2.83913  -3.29919 0.20392E+01   0.22034
  0.21047641E+08   9.99419   4.13612   4.40220   3.86380  -2.23945  -2.85948  -3.31987 0.20915E+01   0.21715
  0.21421685E+08   9.99393   4.14751   4.39659   3.82994  -2.25944  -2.87883  -3.33959 0.21441E+01   0.21415
  0.21761338E+08   9.99369   4.15829   4.39121   3.79763  -2.27847  -2.89735  -3.35851 0.21975E+01   0.21130
  0.22074977E+08   9.99345   4.16870   4.38624   3.76736  -2.29673  -2.91516  -3.37674 0.22523E+01   0.20857
  0.22371876E+08   9.99321   4.17915   4.38216   3.74058  -2.31435  -2.93236  -3.39434 0.23095E+01   0.20594
  0.22655449E+08   9.99297   4.19016   4.38073   3.72384  -2.33055  -2.94798  -3.41017 0.23687E+01   0.20348
  0.22776689E+08   9.99286   4.19578   4.38263   3.72582  -2.33656  -2.95353  -3.41562 0.23951E+01   0.20252
  0.22899840E+08   9.99275   4.20346   4.39071   3.75045  -2.34015  -2.95612  -3.41762 0.24206E+01   0.20180
  0.22949100E+08   9.99271   4.21057   4.40064   3.78306  -2.34146  -2.95635  -3.41712 0.24382E+01   0.20140
  0.22953295E+08   9.99270   4.21854   4.40924   3.80946  -2.34228  -2.95699  -3.41767 0.24429E+01   0.20124
  0.22957489E+08   9.99270   4.21186   4.40180   3.78640  -2.34340  -2.95793  -3.41853 0.24487E+01   0.20105
  0.22961684E+08   9.99270   4.21357   4.40323   3.79039  -2.34471  -2.95904  -3.41953 0.24555E+01   0.20082
  0.22965878E+08   9.99269   4.21560   4.40494   3.79520  -2.34623  -2.96032  -3.42067 0.24634E+01   0.20056
  0.22970072E+08   9.99269   4.21799   4.40698   3.80099  -2.34811  -2.96190  -3.42209 0.24736E+01   0.20023
  0.22975106E+08   9.99269   4.22087   4.40943   3.80790  -2.35126  -2.96458  -3.42453 0.24912E+01   0.19969
  0.22981146E+08   9.99268   4.22541   4.41309   3.81799  -2.35766  -2.97015  -3.42974 0.25298E+01   0.19858
  0.22985977E+08   9.99268   4.23337   4.41861   3.83214  -2.36482  -2.97641  -3.43573 0.25892E+01   0.19727
  0.22989843E+08   9.99267   4.24063   4.42245   3.84021  -2.36650  -2.97762  -3.43695 0.26506E+01   0.19673
  0.22991389E+08   9.99267   4.24059   4.42114   3.83504  -2.36538  -2.97644  -3.43585 0.26745E+01   0.19677
  0.22992626E+08   9.99267   4.23844   4.41933   3.82993  -2.36346  -2.97456  -3.43407 0.26914E+01   0.19696
  0.22993616E+08   9.99267   4.23538   4.41698   3.82358  -2.36168  -2.97282  -3.43244 0.27050E+01   0.19715
  0.22994605E+08   9.99267   4.23239   4.41458   3.81699  -2.36009  -2.97128  -3.43103 0.27208E+01   0.19730
  0.22995793E+08   9.99267   4.22926   4.41176   3.80885  -2.35923  -2.97047  -3.43041 0.27452E+01   0.19733
  0.22997218E+08   9.99267   4.22591   4.40789   3.79670  -2.36053  -2.97182  -3.43205 0.27836E+01   0.19703
  0.22998928E+08   9.99266   4.22329   4.40272   3.77865  -2.36583  -2.97725  -3.43793 0.28437E+01   0.19619
  0.23000430E+08   9.99266   4.22267   4.39600   3.75240  -2.37316  -2.98480  -3.44596 0.29065E+01   0.19510
  0.23001796E+08   9.99266   4.22401   4.38982   3.72632  -2.38169  -2.99362  -3.45530 0.29711E+01   0.19389
  0.23003072E+08   9.99266   4.22656   4.38403   3.70060  -2.39093  -3.00320  -3.46544 0.30372E+01   0.19260
  0.23004288E+08   9.99266   4.22985   4.37850   3.67522  -2.40054  -3.01320  -3.47602 0.31045E+01   0.19129
  0.23005460E+08   9.99266   4.23353   4.37316   3.65016  -2.41030  -3.02340  -3.48683 0.31728E+01   0.18997
  0.23006602E+08   9.99266   4.23740   4.36793   3.62537  -2.42011  -3.03369  -3.49774 0.32424E+01   0.18866
  0.23007720E+08   9.99266   4.24132   4.36278   3.60084  -2.42984  -3.04393  -3.50863 0.33130E+01   0.18738
  0.23008820E+08   9.99265   4.24519   4.35767   3.57655  -2.43946  -3.05408  -3.51946 0.33848E+01   0.18612
  0.23009905E+08   9.99265   4.24895   4.35259   3.55246  -2.44892  -3.06411  -3.53018 0.34576E+01   0.18489
  0.23010977E+08   9.99265   4.25256   4.34752   3.52857  -2.45821  -3.07399  -3.54077 0.35318E+01   0.18370
  0.23012037E+08   9.99265   4.25599   4.34245   3.50486  -2.46731  -3.08371  -3.55121 0.36071E+01   0.18254
  0.23013085E+08   9.99265   4.25924   4.33737   3.48130  -2.47625  -3.09328  -3.56152 0.36837E+01   0.18141
  0.23014121E+08   9.99265   4.26232   4.33229   3.45788  -2.48499  -3.10269  -3.57168 0.37616E+01   0.18032
  0.23015145E+08   9.99265   4.26520   4.32719   3.43459  -2.49358  -3.11196  -3.58172 0.38411E+01   0.17925
  0.23016156E+08   9.99264   4.26791   4.32207   3.41142  -2.50201  -3.12110  -3.59163 0.39219E+01   0.17820
  0.23017155E+08   9.99264   4.27045   4.31694   3.38837  -2.51029  -3.13011  -3.60143 0.40043E+01   0.17719
  0.23018139E+08   9.99264   4.27282   4.31180   3.36541  -2.51844  -3.13901  -3.61112 0.40886E+01   0.17620
  0.23019110E+08   9.99264   4.27505   4.30664   3.34255  -2.52646  -3.14779  -3.62071 0.41744E+01   0.17523
  0.23020065E+08   9.99264   4.27712   4.30146   3.31978  -2.53436  -3.15648  -3.63020 0.42619E+01   0.17429
  0.23021005E+08   9.99264   4.27906   4.29627   3.29710  -2.54216  -3.16509  -3.63962 0.43513E+01   0.17336
  0.23021930E+08   9.99263   4.28086   4.29107   3.27449  -2.54985  -3.17361  -3.64895 0.44424E+01   0.17246
  0.23022838E+08   9.99263   4.28254   4.28586   3.25195  -2.55746  -3.18206  -3.65822 0.45355E+01   0.17157
  0.23023729E+08   9.99263   4.28410   4.28063   3.22949  -2.56498  -3.19046  -3.66742 0.46306E+01   0.17070
  0.23024603E+08   9.99263   4.28555   4.27540   3.20709  -2.57243  -3.19878  -3.67656 0.47276E+01   0.16984
  0.23025460E+08   9.99263   4.28689   4.27015   3.18476  -2.57982  -3.20706  -3.68563 0.48269E+01   0.16900
  0.23026300E+08   9.99263   4.28813   4.26489   3.16249  -2.58714  -3.21529  -3.69466 0.49282E+01   0.16818
  0.23027122E+08   9.99262   4.28928   4.25963   3.14029  -2.59440  -3.22348  -3.70363 0.50316E+01   0.16736
  0.23027926E+08   9.99262   4.29033   4.25435   3.11814  -2.60162  -3.23163  -3.71255 0.51376E+01   0.16656
  0.23028713E+08   9.99262   4.29130   4.24907   3.09604  -2.60879  -3.23974  -3.72142 0.52457E+01   0.16577
  0.23029482E+08   9.99262   4.29219   4.24379   3.07400  -2.61592  -3.24782  -3.73024 0.53562E+01   0.16499
  0.23030234E+08   9.99262   4.29300   4.23849   3.05202  -2.62301  -3.25587  -3.73901 0.54693E+01   0.16422
  0.23030968E+08   9.99261   4.29373   4.23319   3.03008  -2.63008  -3.26390  -3.74773 0.55847E+01   0.16346
  0.23031685E+08   9.99261   4.29440   4.22789   3.00820  -2.63712  -3.27190  -3.75641 0.57026E+01   0.16271
  0.23032385E+08   9.99261   4.29499   4.22258   2.98637  -2.64413  -3.27989  -3.76504 0.58232E+01   0.16197
  0.23033068E+08   9.99261   4.29552   4.21726   2.96458  -2.65113  -3.28785  -3.77361 0.59468E+01   0.16123
  0.23033734E+08   9.99261   4.29599   4.21195   2.94285  -2.65811  -3.29579  -3.78214 0.60729E+01   0.16051
  0.23034385E+08   9.99260   4.29640   4.20663   2.92116  -2.66508  -3.30372  -3.79061 0.62017E+01   0.15979
  0.23035019E+08   9.99260   4.29676   4.20130   2.89951  -2.67203  -3.31162  -3.79903 0.63331E+01   0.15907
  0.23035637E+08   9.99260   4.29706   4.19598   2.87791  -2.67898  -3.31950  -3.80738 0.64674E+01   0.15836
  0.23036240E+08   9.99260   4.29730   4.19065   2.85636  -2.68592  -3.32737  -3.81568 0.66051E+01   0.15766
  0.23036828E+08   9.99260   4.29750   4.18532   2.83484  -2.69285  -3.33521  -3.82390 0.67454E+01   0.15696
  0.23037401E+08   9.99260   4.29765   4.17999   2.81337  -2.69977  -3.34303  -3.83206 0.68889E+01   0.15627
  0.23037959E+08   9.99259   4.29775   4.17466   2.79194  -2.70670  -3.35083  -3.84014 0.70357E+01   0.15559
  0.23038503E+08   9.99259   4.29781   4.16933   2.77055  -2.71363  -3.35861  -3.84816 0.71855E+01   0.15490
  0.23039033E+08   9.99259   4.29782   4.16399   2.74920  -2.72056  -3.36636  -3.85609 0.73386E+01   0.15422
  0.23039550E+08   9.99259   4.29779   4.15866   2.72789  -2.72748  -3.37408  -3.86395 0.74953E+01   0.15355
  0.23040053E+08   9.99259   4.29772   4.15332   2.70661  -2.73442  -3.38179  -3.87172 0.76552E+01   0.15287
  0.23040544E+08   9.99258   4.29762   4.14799   2.68537  -2.74136  -3.38946  -3.87940 0.78187E+01   0.15220
  0.23041022E+08   9.99258   4.29747   4.14265   2.66417  -2.74829  -3.39709  -3.88698 0.79859E+01   0.15154
  0.23041487E+08   9.99258   4.29729   4.13731   2.64301  -2.75523  -3.40469  -3.89446 0.81564E+01   0.15087
  0.23041941E+08   9.99258   4.29708   4.13198   2.62187  -2.76217  -3.41224  -3.90184 0.83307E+01   0.15021
  0.23042383E+08   9.99258   4.29683   4.12664   2.60078  -2.76911  -3.41975  -3.90910 0.85090E+01   0.14955
  0.23042813E+08   9.99258   4.29655   4.12130   2.57971  -2.77605  -3.42721  -3.91625 0.86910E+01   0.14890
  0.23043233E+08   9.99257   4.29624   4.11597   2.55868  -2.78300  -3.43462  -3.92328 0.88770E+01   0.14824
  0.23043641E+08   9.99257   4.29590   4.11063   2.53768  -2.78994  -3.44197  -3.93019 0.90670E+01   0.14759
  0.23044039E+08   9.99257   4.29552   4.10530   2.51671  -2.79688  -3.44928  -3.93697 0.92614E+01   0.14693
  0.23044427E+08   9.99257   4.29512   4.09996   2.49577  -2.80381  -3.45651  -3.94362 0.94596E+01   0.14628
  0.23044805E+08   9.99257   4.29470   4.09463   2.47486  -2.81074  -3.46368  -3.95013 0.96621E+01   0.14563
  0.23045174E+08   9.99256   4.29424   4.08929   2.45398  -2.81767  -3.47078  -3.95650 0.98692E+01   0.14498
  0.23045532E+08   9.99256   4.29376   4.08396   2.43312  -2.82459  -3.47780  -3.96274 0.10081E+02   0.14433
  0.23045882E+08   9.99256   4.29326   4.07863   2.41230  -2.83149  -3.48475  -3.96882 0.10297E+02   0.14369
  0.23046223E+08   9.99256   4.29273   4.07329   2.39149  -2.83839  -3.49161  -3.97475 0.10518E+02   0.14304
  0.23046555E+08   9.99256   4.29218   4.06796   2.37072  -2.84527  -3.49839  -3.98053 0.10743E+02   0.14239
  0.23046879E+08   9.99256   4.29161   4.06263   2.34996  -2.85214  -3.50508  -3.98616 0.10974E+02   0.14174
  0.23047194E+08   9.99255   4.29101   4.05730   2.32923  -2.85900  -3.51167  -3.99163 0.11209E+02   0.14110
  0.23047501E+08   9.99255   4.29040   4.05197   2.30852  -2.86583  -3.51818  -3.99694 0.11449E+02   0.14045
  0.23047801E+08   9.99255   4.28977   4.04664   2.28783  -2.87265  -3.52458  -4.00210 0.11694E+02   0.13980
  0.23048093E+08   9.99255   4.28913   4.04131   2.26716  -2.87944  -3.53087  -4.00709 0.11945E+02   0.13916
  0.23048377E+08   9.99255   4.28846   4.03598   2.24652  -2.88620  -3.53705  -4.01191 0.12201E+02   0.13851
  0.23048655E+08   9.99254   4.28779   4.03066   2.22589  -2.89292  -3.54312  -4.01656 0.12462E+02   0.13786
  0.23048916E+08   9.99254   4.28709   4.02533   2.20528  -2.89937  -3.54885  -4.02087 0.12719E+02   0.13724
  0.23049156E+08   9.99254   4.28641   4.02020   2.18542  -2.90542  -3.55414  -4.02479 0.12965E+02   0.13665
  0.23049381E+08   9.99254   4.28576   4.01536   2.16672  -2.91117  -3.55910  -4.02839 0.13206E+02   0.13608
  0.23049594E+08   9.99254   4.28512   4.01072   2.14882  -2.91667  -3.56378  -4.03173 0.13442E+02   0.13554
  0.23049796E+08   9.99254   4.28450   4.00626   2.13160  -2.92197  -3.56821  -4.03483 0.13674E+02   0.13501
  0.23049989E+08   9.99254   4.28390   4.00194   2.11490  -2.92709  -3.57244  -4.03774 0.13905E+02   0.13450
  0.23050174E+08   9.99253   4.28330   3.99772   2.09863  -2.93207  -3.57648  -4.04046 0.14134E+02   0.13400
  0.23050353E+08   9.99253   4.28271   3.99359   2.08269  -2.93693  -3.58037  -4.04301 0.14363E+02   0.13351
  0.23050527E+08   9.99253   4.28212   3.98952   2.06700  -2.94169  -3.58411  -4.04542 0.14593E+02   0.13302
  0.23050697E+08   9.99253   4.28153   3.98550   2.05150  -2.94637  -3.58774  -4.04770 0.14826E+02   0.13253
  0.23050863E+08   9.99253   4.28094   3.98151   2.03613  -2.95099  -3.59126  -4.04987 0.15060E+02   0.13205
  0.23051025E+08   9.99253   4.28035   3.97753   2.02083  -2.95555  -3.59467  -4.05192 0.15298E+02   0.13157
  0.23051185E+08   9.99253   4.27976   3.97356   2.00555  -2.96008  -3.59800  -4.05386 0.15539E+02   0.13109
  0.23051343E+08   9.99253   4.27916   3.96959   1.99024  -2.96457  -3.60123  -4.05568 0.15785E+02   0.13060
  0.23051500E+08   9.99252   4.27855   3.96559   1.97487  -2.96904  -3.60438  -4.05739 0.16037E+02   0.13012
  0.23051655E+08   9.99252   4.27794   3.96157   1.95939  -2.97347  -3.60741  -4.05896 0.16295E+02   0.12963
  0.23051809E+08   9.99252   4.27732   3.95751   1.94376  -2.97786  -3.61034  -4.06037 0.16560E+02   0.12914
  0.23051962E+08   9.99252   4.27668   3.95340   1.92794  -2.98222  -3.61315  -4.06162 0.16834E+02   0.12864
  0.23052116E+08   9.99252   4.27604   3.94922   1.91190  -2.98654  -3.61581  -4.06265 0.17116E+02   0.12814
  0.23052300E+08   9.99252   4.27538   3.94498   1.89560  -2.99166  -3.61880  -4.06361 0.17468E+02   0.12752
  0.23052521E+08   9.99252   4.27457   3.93978   1.87562  -2.99768  -3.62201  -4.06425 0.17911E+02   0.12678
  0.23052718E+08   9.99251   4.27357   3.93339   1.85103  -3.00279  -3.62441  -4.06421 0.18323E+02   0.12612
  0.23052901E+08   9.99251   4.27265   3.92757   1.82868  -3.00734  -3.62621  -4.06360 0.18724E+02   0.12549
  0.23053076E+08   9.99251   4.27176   3.92203   1.80741  -3.01145  -3.62748  -4.06245 0.19123E+02   0.12490
  0.23053245E+08   9.99251   4.27088   3.91663   1.78670  -3.01517  -3.62827  -4.06076 0.19525E+02   0.12432
  0.23053410E+08   9.99251   4.27002   3.91131   1.76627  -3.01853  -3.62854  -4.05848 0.19932E+02   0.12376
  0.23053571E+08   9.99251   4.26915   3.90603   1.74601  -3.02148  -3.62828  -4.05558 0.20345E+02   0.12322
  0.23053728E+08   9.99250   4.26828   3.90077   1.72584  -3.02404  -3.62746  -4.05203 0.20766E+02   0.12269
  0.23053883E+08   9.99250   4.26740   3.89552   1.70574  -3.02620  -3.62609  -4.04785 0.21195E+02   0.12217
  0.23054034E+08   9.99250   4.26652   3.89029   1.68567  -3.02797  -3.62419  -4.04304 0.21633E+02   0.12167
  0.23054183E+08   9.99250   4.26562   3.88505   1.66563  -3.02935  -3.62176  -4.03762 0.22080E+02   0.12119
  0.23054329E+08   9.99250   4.26472   3.87982   1.64559  -3.03034  -3.61882  -4.03161 0.22536E+02   0.12072
  0.23054472E+08   9.99250   4.26380   3.87458   1.62557  -3.03094  -3.61536  -4.02502 0.23002E+02   0.12025
  0.23054613E+08   9.99249   4.26286   3.86934   1.60555  -3.03117  -3.61142  -4.01788 0.23477E+02   0.11981
  0.23054751E+08   9.99249   4.26191   3.86410   1.58554  -3.03103  -3.60702  -4.01023 0.23963E+02   0.11937
  0.23054886E+08   9.99249   4.26095   3.85886   1.56553  -3.03056  -3.60222  -4.00213 0.24460E+02   0.11895
  0.23055019E+08   9.99249   4.25996   3.85361   1.54551  -3.02975  -3.59701  -3.99360 0.24968E+02   0.11854
  0.23055149E+08   9.99249   4.25895   3.84835   1.52550  -3.02862  -3.59142  -3.98466 0.25486E+02   0.11814
  0.23055276E+08   9.99248   4.25792   3.84309   1.50550  -3.02713  -3.58542  -3.97527 0.26015E+02   0.11776
  0.23055401E+08   9.99248   4.25686   3.83783   1.48552  -3.02528  -3.57902  -3.96545 0.26555E+02   0.11738
  0.23055523E+08   9.99248   4.25578   3.83257   1.46556  -3.02307  -3.57218  -3.95515 0.27107E+02   0.11703
  0.23055642E+08   9.99248   4.25467   3.82732   1.44564  -3.02045  -3.56490  -3.94437 0.27668E+02   0.11669
  0.23055759E+08   9.99248   4.25353   3.82206   1.42576  -3.01750  -3.55725  -3.93318 0.28243E+02   0.11636
  0.23055874E+08   9.99248   4.25237   3.81680   1.40590  -3.01412  -3.54910  -3.92145 0.28827E+02   0.11606
  0.23055987E+08   9.99247   4.25117   3.81155   1.38609  -3.01031  -3.54046  -3.90917 0.29423E+02   0.11577
  0.23056097E+08   9.99247   4.24993   3.80630   1.36633  -3.00604  -3.53131  -3.89631 0.30030E+02   0.11551
  0.23056205E+08   9.99247   4.24866   3.80106   1.34663  -3.00139  -3.52173  -3.88298 0.30650E+02   0.11526
  0.23056311E+08   9.99247   4.24735   3.79581   1.32695  -2.99617  -3.51148  -3.86888 0.31280E+02   0.11504
  0.23056413E+08   9.99247   4.24600   3.79058   1.30738  -2.99060  -3.50096  -3.85452 0.31907E+02   0.11485
  0.23056508E+08   9.99247   4.24463   3.78547   1.28830  -2.98476  -3.49026  -3.84005 0.32517E+02   0.11470
  0.23056623E+08   9.99246   4.24328   3.78058   1.27008  -2.97700  -3.47646  -3.82153 0.33282E+02   0.11454
  0.23056761E+08   9.99246   4.24156   3.77457   1.24776  -2.96662  -3.45853  -3.79768 0.34249E+02   0.11438
  0.23056872E+08   9.99246   4.23938   3.76715   1.22028  -2.95720  -3.44279  -3.77694 0.35058E+02   0.11430
  0.23056970E+08   9.99246   4.23748   3.76109   1.19792  -2.94763  -3.42723  -3.75659 0.35796E+02   0.11429
  0.23057061E+08   9.99246   4.23569   3.75565   1.17795  -2.93798  -3.41182  -3.73656 0.36511E+02   0.11430
  0.23057152E+08   9.99245   4.23390   3.75046   1.15900  -2.92730  -3.39516  -3.71506 0.37234E+02   0.11438
  0.23057241E+08   9.99245   4.23204   3.74530   1.14020  -2.91590  -3.37765  -3.69258 0.37970E+02   0.11451
  0.23057326E+08   9.99245   4.23010   3.74013   1.12146  -2.90386  -3.35946  -3.66938 0.38695E+02   0.11468
  0.23057410E+08   9.99245   4.22813   3.73510   1.10333  -2.89038  -3.33949  -3.64407 0.39406E+02   0.11495
  0.23057490E+08   9.99245   4.22610   3.73023   1.08585  -2.87716  -3.32003  -3.61950 0.40129E+02   0.11521
  0.23057587E+08   9.99245   4.22402   3.72535   1.06841  -2.85854  -3.29312  -3.58578 0.41000E+02   0.11568
  0.23057703E+08   9.99244   4.22137   3.71953   1.04779  -2.83290  -3.25669  -3.54051 0.42061E+02   0.11643
  0.23057796E+08   9.99244   4.21794   3.71251   1.02316  -2.80993  -3.22453  -3.50085 0.42917E+02   0.11718
  0.23057882E+08   9.99244   4.21500   3.70691   1.00369  -2.78617  -3.19178  -3.46088 0.43695E+02   0.11804
  0.23057966E+08   9.99244   4.21210   3.70183   0.98627  -2.75971  -3.15582  -3.41738 0.44440E+02   0.11909
  0.23058067E+08   9.99244   4.20905   3.69694   0.96976  -2.72147  -3.10491  -3.35671 0.45253E+02   0.12078
  0.23058188E+08   9.99243   4.20510   3.69146   0.95179  -2.66842  -3.03615  -3.27661 0.46139E+02   0.12336
  0.23058294E+08   9.99243   4.19993   3.68527   0.93221  -2.61062  -2.96393  -3.19500 0.46662E+02   0.12657
  0.23058422E+08   9.99243   4.19511   3.68101   0.91998  -2.52915  -2.86591  -3.08762 0.46961E+02   0.13168
  0.23058575E+08   9.99242   4.18881   3.67729   0.91141  -2.43277  -2.75442  -2.96901 0.47292E+02   0.13851
  0.23058706E+08   9.99242   4.18047   3.67274   0.90155  -2.34625  -2.65815  -2.86935 0.47282E+02   0.14560
  0.23058828E+08   9.99242   4.17331   3.67018   0.89845  -2.27257  -2.57899  -2.78927 0.47303E+02   0.15245
  0.23058927E+08   9.99242   4.16646   3.66759   0.89494  -2.21667  -2.52083  -2.73161 0.47264E+02   0.15829
  0.23059006E+08   9.99241   4.16158   3.66591   0.89308  -2.17525  -2.47874  -2.69043 0.47216E+02   0.16304
  0.23059069E+08   9.99241   4.15831   3.66479   0.89189  -2.14583  -2.44931  -2.66188 0.47265E+02   0.16663
  0.23059146E+08   9.99241   4.15546   3.66344   0.88932  -2.10886  -2.41275  -2.62660 0.47130E+02   0.17145
  0.23059237E+08   9.99241   4.15351   3.66306   0.88977  -2.06873  -2.37351  -2.58896 0.47111E+02   0.17699
  0.23059346E+08   9.99241   4.14926   3.66147   0.88764  -2.01937  -2.32550  -2.54295 0.46907E+02   0.18422
  0.23059478E+08   9.99240   4.14642   3.66095   0.88842  -1.96356  -2.27167  -2.49158 0.46768E+02   0.19291
  0.23059583E+08   9.99240   4.14196   3.65956   0.88733  -1.92180  -2.23151  -2.45326 0.46789E+02   0.19973
  0.23059709E+08   9.99240   4.13900   3.65799   0.88399  -1.87037  -2.18212  -2.40605 0.46637E+02   0.20855
  0.23059861E+08   9.99240   4.13845   3.65767   0.88328  -1.81316  -2.12758  -2.35415 0.46692E+02   0.21889
  0.23060042E+08   9.99239   4.13579   3.65567   0.87792  -1.74704  -2.06465  -2.29409 0.46871E+02   0.23147
  0.23060188E+08   9.99239   4.13667   3.65376   0.86942  -1.69884  -2.01881  -2.25021 0.47293E+02   0.24105
  0.23060362E+08   9.99239   4.14016   3.65166   0.85754  -1.64376  -1.96641  -2.19982 0.47850E+02   0.25243
  0.23060571E+08   9.99238   4.14938   3.65023   0.84256  -1.58627  -1.91188  -2.14725 0.48989E+02   0.26481
  0.23060823E+08   9.99238   4.16308   3.64716   0.81660  -1.52919  -1.85722  -2.09376 0.50888E+02   0.27747
  0.23061024E+08   9.99237   4.18880   3.64382   0.77754  -1.49348  -1.82227  -2.05870 0.52779E+02   0.28547
  0.23061188E+08   9.99237   4.21687   3.64188   0.74170  -1.47090  -1.79986  -2.03590 0.54563E+02   0.29055
  0.23061319E+08   9.99236   4.23835   3.63929   0.70986  -1.45568  -1.78445  -2.01992 0.56003E+02   0.29395
  0.23061424E+08   9.99236   4.25626   3.63759   0.68513  -1.44554  -1.77409  -2.00910 0.57178E+02   0.29622
  0.23061550E+08   9.99235   4.26905   3.63590   0.66560  -1.43459  -1.76265  -1.99694 0.58407E+02   0.29861
  0.23061625E+08   9.99235   4.28498   3.63488   0.64557  -1.42909  -1.75690  -1.99082 0.59154E+02   0.29982
  0.23061716E+08   9.99235   4.29303   3.63392   0.63368  -1.42303  -1.75046  -1.98390 0.59955E+02   0.30113
  0.23061825E+08   9.99234   4.30262   3.63317   0.62109  -1.41694  -1.74401  -1.97697 0.60841E+02   0.30246
  0.23061955E+08   9.99234   4.31218   3.63213   0.60739  -1.41053  -1.73711  -1.96948 0.61722E+02   0.30383
  0.23062112E+08   9.99233   4.32297   3.63147   0.59394  -1.40428  -1.73033  -1.96209 0.62562E+02   0.30516
  0.23062300E+08   9.99232   4.33380   3.63101   0.58127  -1.39899  -1.72466  -1.95595 0.63504E+02   0.30632
  0.23062450E+08   9.99231   4.34223   3.62965   0.56740  -1.39513  -1.72045  -1.95132 0.64091E+02   0.30714
  0.23062631E+08   9.99230   4.34911   3.62923   0.55886  -1.39185  -1.71690  -1.94746 0.64736E+02   0.30785
  0.23062847E+08   9.99229   4.35456   3.62828   0.54961  -1.38829  -1.71295  -1.94309 0.65224E+02   0.30859
  0.23063107E+08   9.99228   4.36114   3.62819   0.54264  -1.38555  -1.70997  -1.93983 0.65723E+02   0.30918
  0.23063419E+08   9.99226   4.36579   3.62760   0.53564  -1.38309  -1.70727  -1.93685 0.66133E+02   0.30970
  0.23063793E+08   9.99224   4.37016   3.62729   0.53002  -1.38125  -1.70526  -1.93466 0.66533E+02   0.31009
  0.23064242E+08   9.99222   4.37326   3.62670   0.52458  -1.37961  -1.70342  -1.93261 0.66740E+02   0.31043
  0.23064781E+08   9.99219   4.37639   3.62681   0.52190  -1.37874  -1.70249  -1.93160 0.67036E+02   0.31062
  0.23065428E+08   9.99215   4.37780   3.62624   0.51818  -1.37792  -1.70155  -1.93054 0.67158E+02   0.31079
  0.23066204E+08   9.99211   4.37949   3.62634   0.51691  -1.37754  -1.70111  -1.93004 0.67284E+02   0.31086
  0.23067135E+08   9.99206   4.38035   3.62627   0.51575  -1.37736  -1.70088  -1.92975 0.67398E+02   0.31089
  0.23068252E+08   9.99200   4.38097   3.62623   0.51499  -1.37739  -1.70085  -1.92968 0.67506E+02   0.31087
  0.23069593E+08   9.99192   4.38136   3.62620   0.51447  -1.37762  -1.70102  -1.92981 0.67615E+02   0.31079
  0.23071202E+08   9.99183   4.38157   3.62621   0.51430  -1.37808  -1.70142  -1.93017 0.67727E+02   0.31067
  0.23073133E+08   9.99173   4.38157   3.62622   0.51434  -1.37877  -1.70205  -1.93077 0.67841E+02   0.31048
  0.23075450E+08   9.99160   4.38137   3.62628   0.51478  -1.37972  -1.70293  -1.93163 0.67978E+02   0.31023
  0.23078231E+08   9.99144   4.38095   3.62633   0.51539  -1.38092  -1.70406  -1.93273 0.68115E+02   0.30992
  0.23081567E+08   9.99126   4.38036   3.62645   0.51645  -1.38237  -1.70543  -1.93407 0.68291E+02   0.30955
  0.23085571E+08   9.99103   4.37958   3.62653   0.51754  -1.38407  -1.70702  -1.93564 0.68470E+02   0.30911
  0.23090376E+08   9.99077   4.37869   3.62671   0.51913  -1.38605  -1.70889  -1.93747 0.68704E+02   0.30860
  0.23096142E+08   9.99045   4.37764   3.62681   0.52058  -1.38833  -1.71103  -1.93956 0.68938E+02   0.30801
  0.23103060E+08   9.99008   4.37648   3.62706   0.52271  -1.39096  -1.71350  -1.94198 0.69245E+02   0.30733
  0.23111363E+08   9.98962   4.37514   3.62719   0.52455  -1.39402  -1.71637  -1.94479 0.69622E+02   0.30655
  0.23121326E+08   9.98909   4.37363   3.62724   0.52627  -1.39756  -1.71969  -1.94802 0.69979E+02   0.30563
  0.23129296E+08   9.98866   4.37196   3.62753   0.52907  -1.40036  -1.72230  -1.95057 0.70279E+02   0.30491
  0.23135672E+08   9.98832   4.37069   3.62771   0.53104  -1.40260  -1.72439  -1.95259 0.70527E+02   0.30433
  0.23140773E+08   9.98805   4.36970   3.62782   0.53244  -1.40438  -1.72604  -1.95419 0.70640E+02   0.30387
  0.23146895E+08   9.98772   4.36898   3.62818   0.53457  -1.40651  -1.72804  -1.95614 0.70930E+02   0.30332
  0.23154240E+08   9.98733   4.36799   3.62803   0.53497  -1.40903  -1.73039  -1.95843 0.71134E+02   0.30267
  0.23163055E+08   9.98687   4.36696   3.62830   0.53705  -1.41196  -1.73311  -1.96106 0.71411E+02   0.30191
  0.23170106E+08   9.98650   4.36571   3.62844   0.53886  -1.41431  -1.73530  -1.96318 0.71644E+02   0.30131
  0.23175748E+08   9.98621   4.36475   3.62852   0.54012  -1.41623  -1.73708  -1.96490 0.71713E+02   0.30081
  0.23182517E+08   9.98586   4.36407   3.62896   0.54254  -1.41852  -1.73922  -1.96697 0.71994E+02   0.30022
  0.23190641E+08   9.98544   4.36308   3.62880   0.54287  -1.42122  -1.74172  -1.96938 0.72219E+02   0.29952
  0.23200389E+08   9.98493   4.36205   3.62894   0.54446  -1.42448  -1.74474  -1.97230 0.72374E+02   0.29868
  0.23208188E+08   9.98453   4.36088   3.62945   0.54762  -1.42707  -1.74715  -1.97463 0.72666E+02   0.29801
  0.23217546E+08   9.98406   4.35987   3.62931   0.54805  -1.43019  -1.75004  -1.97741 0.72893E+02   0.29721
  0.23228776E+08   9.98349   4.35879   3.62951   0.54991  -1.43393  -1.75350  -1.98074 0.73151E+02   0.29624
  0.23237760E+08   9.98303   4.35750   3.62974   0.55210  -1.43698  -1.75632  -1.98345 0.73381E+02   0.29545
  0.23244947E+08   9.98267   4.35649   3.62985   0.55356  -1.43948  -1.75863  -1.98567 0.73560E+02   0.29481
  0.23250697E+08   9.98238   4.35569   3.62996   0.55476  -1.44153  -1.76053  -1.98749 0.73699E+02   0.29428
  0.23255297E+08   9.98215   4.35505   3.63007   0.55582  -1.44322  -1.76208  -1.98897 0.73700E+02   0.29384
  0.23260817E+08   9.98187   4.35461   3.63050   0.55797  -1.44521  -1.76393  -1.99075 0.73927E+02   0.29333
  0.23267440E+08   9.98154   4.35387   3.63025   0.55772  -1.44759  -1.76612  -1.99285 0.74037E+02   0.29272
  0.23275389E+08   9.98115   4.35321   3.63049   0.55932  -1.45044  -1.76875  -1.99537 0.74199E+02   0.29199
  0.23281747E+08   9.98084   4.35237   3.63065   0.56078  -1.45278  -1.77089  -1.99742 0.74281E+02   0.29138
  0.23289378E+08   9.98046   4.35176   3.63094   0.56253  -1.45553  -1.77344  -1.99985 0.74494E+02   0.29067
  0.23298535E+08   9.98001   4.35094   3.63089   0.56316  -1.45884  -1.77648  -2.00276 0.74691E+02   0.28982
  0.23309523E+08   9.97947   4.35007   3.63101   0.56448  -1.46302  -1.78034  -2.00645 0.74753E+02   0.28875
  0.23318313E+08   9.97904   4.34913   3.63168   0.56807  -1.46628  -1.78332  -2.00928 0.74987E+02   0.28791
  0.23325345E+08   9.97870   4.34827   3.63164   0.56877  -1.46900  -1.78581  -2.01165 0.75140E+02   0.28721
  0.23333784E+08   9.97829   4.34765   3.63173   0.56972  -1.47233  -1.78887  -2.01455 0.75319E+02   0.28636
  0.23343910E+08   9.97780   4.34689   3.63183   0.57086  -1.47635  -1.79255  -2.01805 0.75526E+02   0.28532
  0.23356062E+08   9.97722   4.34601   3.63196   0.57223  -1.48123  -1.79702  -2.02229 0.75747E+02   0.28407
  0.23365784E+08   9.97675   4.34502   3.63217   0.57404  -1.48529  -1.80073  -2.02581 0.75946E+02   0.28303
  0.23373561E+08   9.97638   4.34425   3.63229   0.57526  -1.48868  -1.80383  -2.02874 0.76091E+02   0.28216
  0.23379782E+08   9.97608   4.34364   3.63243   0.57643  -1.49163  -1.80652  -2.03129 0.76099E+02   0.28141
  0.23387248E+08   9.97573   4.34324   3.63289   0.57866  -1.49497  -1.80958  -2.03418 0.76359E+02   0.28056
  0.23396208E+08   9.97530   4.34252   3.63263   0.57832  -1.49926  -1.81349  -2.03787 0.76410E+02   0.27946
  0.23406959E+08   9.97480   4.34195   3.63314   0.58089  -1.50430  -1.81810  -2.04223 0.76642E+02   0.27817
  0.23415560E+08   9.97439   4.34113   3.63319   0.58191  -1.50850  -1.82192  -2.04583 0.76810E+02   0.27710
  0.23422440E+08   9.97407   4.34056   3.63332   0.58296  -1.51203  -1.82514  -2.04886 0.76917E+02   0.27621
  0.23427945E+08   9.97381   4.34013   3.63350   0.58413  -1.51502  -1.82786  -2.05142 0.76974E+02   0.27545
  0.23434551E+08   9.97350   4.33980   3.63375   0.58542  -1.51863  -1.83115  -2.05453 0.77100E+02   0.27453
  0.23442477E+08   9.97313   4.33934   3.63385   0.58626  -1.52306  -1.83519  -2.05833 0.77212E+02   0.27341
  0.23451989E+08   9.97269   4.33887   3.63408   0.58767  -1.52832  -1.83999  -2.06284 0.77439E+02   0.27208
  0.23463403E+08   9.97216   4.33826   3.63408   0.58826  -1.53508  -1.84614  -2.06861 0.77537E+02   0.27038
  0.23472535E+08   9.97174   4.33774   3.63462   0.59092  -1.54057  -1.85113  -2.07330 0.77753E+02   0.26900
  0.23483492E+08   9.97123   4.33723   3.63464   0.59149  -1.54803  -1.85795  -2.07972 0.77775E+02   0.26713
  0.23496642E+08   9.97063   4.33686   3.63540   0.59487  -1.55667  -1.86578  -2.08702 0.78103E+02   0.26496
  0.23512421E+08   9.96991   4.33620   3.63538   0.59543  -1.56781  -1.87590  -2.09649 0.78411E+02   0.26219
  0.23531356E+08   9.96904   4.33567   3.63565   0.59700  -1.58342  -1.89012  -2.10981 0.78571E+02   0.25834
  0.23546504E+08   9.96835   4.33532   3.63667   0.60141  -1.59707  -1.90248  -2.12131 0.78970E+02   0.25497
  0.23564681E+08   9.96753   4.33499   3.63677   0.60207  -1.61640  -1.92003  -2.13767 0.79370E+02   0.25027
  0.23586494E+08   9.96654   4.33493   3.63723   0.60394  -1.64717  -1.94807  -2.16383 0.79611E+02   0.24294
  0.23603945E+08   9.96575   4.33558   3.63878   0.60945  -1.68192  -1.97972  -2.19329 0.80007E+02   0.23481
  0.23618830E+08   9.96508   4.33685   3.63992   0.61270  -1.72677  -2.02057  -2.23122 0.80677E+02   0.22460
  0.23630992E+08   9.96453   4.33919   3.64066   0.61332  -1.80306  -2.09029  -2.29596 0.81369E+02   0.20806
  0.23635857E+08   9.96431   4.34533   3.64288   0.61603  -1.85466  -2.13746  -2.33968 0.81861E+02   0.19741
  0.23640737E+08   9.96409   4.35091   3.64443   0.61664  -1.94744  -2.22264  -2.41870 0.82820E+02   0.17954
  0.23644641E+08   9.96390   4.36136   3.64679   0.61561  -2.08760  -2.35251  -2.53978 0.83591E+02   0.15580
  0.23646203E+08   9.96382   4.37767   3.65176   0.61916  -2.17518  -2.43407  -2.61579 0.84632E+02   0.14285
  0.23647452E+08   9.96376   4.38658   3.65275   0.61423  -2.29246  -2.54798  -2.72439 0.84529E+02   0.12923
  0.23648951E+08   9.96368   4.39671   3.65697   0.62097  -2.52871  -2.79223  -2.96600 0.83298E+02   0.10953
  0.23649851E+08   9.96364   4.40876   3.66520   0.64181  -2.71271  -2.99757  -3.18001 0.80988E+02   0.09889
  0.23650215E+08   9.96362   4.41455   3.67406   0.67150  -2.78382  -3.08258  -3.27324 0.79074E+02   0.09579
  0.23650589E+08   9.96360   4.41631   3.68025   0.69446  -2.85381  -3.16961  -3.37162 0.76892E+02   0.09316
  0.23650913E+08   9.96359   4.41769   3.68723   0.72103  -2.90808  -3.23937  -3.45242 0.74772E+02   0.09142
  0.23651199E+08   9.96357   4.41870   3.69405   0.74728  -2.95012  -3.29476  -3.51770 0.72773E+02   0.09026
  0.23651454E+08   9.96356   4.41946   3.70056   0.77254  -2.98396  -3.34020  -3.57194 0.70958E+02   0.08944
  0.23651689E+08   9.96355   4.42005   3.70657   0.79603  -3.01201  -3.37848  -3.61814 0.69283E+02   0.08886
  0.23651911E+08   9.96354   4.42051   3.71223   0.81819  -3.03626  -3.41208  -3.65906 0.67719E+02   0.08842
  0.23652125E+08   9.96353   4.42090   3.71762   0.83936  -3.05776  -3.44225  -3.69611 0.66237E+02   0.08809
  0.23652335E+08   9.96352   4.42124   3.72283   0.85986  -3.07705  -3.46969  -3.73006 0.64814E+02   0.08785
  0.23652543E+08   9.96352   4.42152   3.72793   0.87998  -3.09473  -3.49514  -3.76179 0.63442E+02   0.08767
  0.23652750E+08   9.96351   4.42177   3.73294   0.89978  -3.11090  -3.51874  -3.79141 0.62110E+02   0.08755
  0.23652998E+08   9.96350   4.42199   3.73791   0.91942  -3.12855  -3.54486  -3.82443 0.60567E+02   0.08747
  0.23653147E+08   9.96349   4.42222   3.74379   0.94272  -3.13814  -3.55929  -3.84281 0.59653E+02   0.08747
  0.23653326E+08   9.96349   4.42232   3.74733   0.95678  -3.14921  -3.57607  -3.86427 0.58600E+02   0.08748
  0.23653541E+08   9.96348   4.42243   3.75148   0.97329  -3.16149  -3.59493  -3.88855 0.57379E+02   0.08753
  0.23653670E+08   9.96347   4.42254   3.75639   0.99279  -3.16822  -3.60544  -3.90215 0.56658E+02   0.08758
  0.23653824E+08   9.96347   4.42259   3.75933   1.00450  -3.17610  -3.61781  -3.91822 0.55824E+02   0.08764
  0.23654010E+08   9.96346   4.42264   3.76278   1.01826  -3.18474  -3.63159  -3.93621 0.54849E+02   0.08775
  0.23654233E+08   9.96345   4.42269   3.76688   1.03459  -3.19460  -3.64749  -3.95708 0.53732E+02   0.08788
  0.23654500E+08   9.96344   4.42274   3.77166   1.05369  -3.20502  -3.66471  -3.97986 0.52442E+02   0.08809
  0.23654738E+08   9.96344   4.42277   3.77730   1.07623  -3.21350  -3.67903  -3.99893 0.51344E+02   0.08829
  0.23655023E+08   9.96343   4.42276   3.78222   1.09588  -3.22274  -3.69499  -4.02034 0.50094E+02   0.08855
  0.23655366E+08   9.96342   4.42273   3.78794   1.11880  -3.23244  -3.71230  -4.04380 0.48680E+02   0.08890
  0.23655661E+08   9.96341   4.42266   3.79458   1.14544  -3.23972  -3.72579  -4.06226 0.47527E+02   0.08923
  0.23655939E+08   9.96340   4.42256   3.80013   1.16775  -3.24565  -3.73727  -4.07812 0.46492E+02   0.08955
  0.23656212E+08   9.96339   4.42244   3.80523   1.18825  -3.25095  -3.74783  -4.09284 0.45527E+02   0.08988
  0.23656540E+08   9.96338   4.42230   3.81008   1.20781  -3.25661  -3.75956  -4.10931 0.44436E+02   0.09027
  0.23656934E+08   9.96337   4.42213   3.81570   1.23046  -3.26228  -3.77207  -4.12713 0.43210E+02   0.09076
  0.23657277E+08   9.96336   4.42190   3.82218   1.25658  -3.26635  -3.78179  -4.14117 0.42207E+02   0.09120
  0.23657602E+08   9.96336   4.42166   3.82761   1.27855  -3.26968  -3.79027  -4.15358 0.41308E+02   0.09161
  0.23657993E+08   9.96335   4.42142   3.83258   1.29869  -3.27292  -3.79934  -4.16706 0.40298E+02   0.09211
  0.23658462E+08   9.96334   4.42113   3.83831   1.32189  -3.27591  -3.80892  -4.18156 0.39175E+02   0.09270
  0.23658867E+08   9.96333   4.42075   3.84484   1.34839  -3.27788  -3.81630  -4.19296 0.38272E+02   0.09321
  0.23659253E+08   9.96332   4.42041   3.85023   1.37029  -3.27923  -3.82253  -4.20280 0.37466E+02   0.09369
  0.23659716E+08   9.96331   4.42006   3.85515   1.39030  -3.28023  -3.82902  -4.21332 0.36566E+02   0.09425
  0.23660271E+08   9.96329   4.41965   3.86076   1.41318  -3.28060  -3.83548  -4.22421 0.35574E+02   0.09491
  0.23660757E+08   9.96328   4.41915   3.86712   1.43911  -3.28069  -3.84067  -4.23313 0.34776E+02   0.09547
  0.23661224E+08   9.96327   4.41870   3.87236   1.46052  -3.27983  -3.84419  -4.23981 0.34053E+02   0.09602
  0.23661785E+08   9.96326   4.41826   3.87721   1.48034  -3.27835  -3.84759  -4.24670 0.33254E+02   0.09665
  0.23662458E+08   9.96325   4.41774   3.88269   1.50278  -3.27554  -3.84991  -4.25264 0.32375E+02   0.09741
  0.23663054E+08   9.96324   4.41713   3.88887   1.52811  -3.27311  -3.85182  -4.25765 0.31667E+02   0.09803
  0.23663633E+08   9.96323   4.41659   3.89396   1.54903  -3.27014  -3.85257  -4.26104 0.31028E+02   0.09864
  0.23664329E+08   9.96322   4.41607   3.89866   1.56835  -3.26631  -3.85279  -4.26410 0.30330E+02   0.09933
  0.23665164E+08   9.96320   4.41547   3.90391   1.58996  -3.26133  -3.85202  -4.26631 0.29576E+02   0.10011
  0.23665923E+08   9.96319   4.41478   3.90972   1.61388  -3.25684  -3.85101  -4.26778 0.28959E+02   0.10079
  0.23666833E+08   9.96317   4.41418   3.91459   1.63395  -3.25130  -3.84906  -4.26839 0.28295E+02   0.10154
  0.23667926E+08   9.96316   4.41351   3.91994   1.65602  -3.24487  -3.84638  -4.26840 0.27600E+02   0.10238
  0.23668917E+08   9.96314   4.41276   3.92569   1.67978  -3.23920  -3.84366  -4.26784 0.27042E+02   0.10307
  0.23670106E+08   9.96312   4.41212   3.93042   1.69931  -3.23283  -3.84032  -4.26674 0.26459E+02   0.10383
  0.23671533E+08   9.96310   4.41144   3.93547   1.72020  -3.22583  -3.83638  -4.26511 0.25864E+02   0.10463
  0.23672873E+08   9.96308   4.41072   3.94076   1.74208  -3.21982  -3.83281  -4.26341 0.25383E+02   0.10529
  0.23674482E+08   9.96306   4.41013   3.94514   1.76020  -3.21342  -3.82885  -4.26139 0.24896E+02   0.10599
  0.23676412E+08   9.96303   4.40953   3.94968   1.77898  -3.20678  -3.82462  -4.25909 0.24413E+02   0.10670
  0.23678728E+08   9.96300   4.40894   3.95430   1.79803  -3.20010  -3.82025  -4.25662 0.23946E+02   0.10740
  0.23681508E+08   9.96296   4.40841   3.95890   1.81694  -3.19358  -3.81591  -4.25413 0.23504E+02   0.10807
  0.23684843E+08   9.96292   4.40796   3.96339   1.83536  -3.18735  -3.81171  -4.25170 0.23091E+02   0.10871
  0.23688845E+08   9.96287   4.40762   3.96772   1.85303  -3.18150  -3.80775  -4.24943 0.22710E+02   0.10930
  0.23693648E+08   9.96281   4.40743   3.97189   1.86989  -3.17602  -3.80405  -4.24734 0.22355E+02   0.10985
  0.23699412E+08   9.96274   4.40739   3.97593   1.88609  -3.17082  -3.80054  -4.24543 0.22018E+02   0.11037
  0.23706328E+08   9.96266   4.40751   3.97994   1.90199  -3.16572  -3.79710  -4.24360 0.21688E+02   0.11088
  0.23714627E+08   9.96256   4.40779   3.98404   1.91811  -3.16049  -3.79358  -4.24176 0.21352E+02   0.11139
  0.23724586E+08   9.96244   4.40822   3.98838   1.93503  -3.15491  -3.78978  -4.23977 0.20999E+02   0.11193
  0.23736537E+08   9.96231   4.40879   3.99310   1.95334  -3.14876  -3.78551  -4.23750 0.20620E+02   0.11252
  0.23750879E+08   9.96215   4.40949   3.99833   1.97357  -3.14188  -3.78064  -4.23484 0.20208E+02   0.11317
  0.23763887E+08   9.96201   4.41034   4.00420   1.99620  -3.13583  -3.77627  -4.23238 0.19857E+02   0.11373
  0.23776591E+08   9.96187   4.41114   4.00936   2.01602  -3.13001  -3.77196  -4.22990 0.19529E+02   0.11426
  0.23791835E+08   9.96171   4.41191   4.01429   2.03495  -3.12321  -3.76682  -4.22682 0.19159E+02   0.11488
  0.23810128E+08   9.96153   4.41279   4.01997   2.05678  -3.11550  -3.76085  -4.22315 0.18754E+02   0.11557
  0.23826043E+08   9.96137   4.41379   4.02636   2.08135  -3.10899  -3.75571  -4.21991 0.18422E+02   0.11614
  0.23841224E+08   9.96122   4.41469   4.03178   2.10212  -3.10290  -3.75080  -4.21675 0.18118E+02   0.11667
  0.23856235E+08   9.96108   4.41553   4.03683   2.12148  -3.09701  -3.74599  -4.21358 0.17833E+02   0.11718
  0.23874248E+08   9.96091   4.41634   4.04168   2.14007  -3.09032  -3.74041  -4.20983 0.17519E+02   0.11775
  0.23895865E+08   9.96071   4.41724   4.04716   2.16108  -3.08298  -3.73420  -4.20558 0.17182E+02   0.11837
  0.23915096E+08   9.96054   4.41828   4.05322   2.18426  -3.07676  -3.72885  -4.20185 0.16902E+02   0.11890
  0.23933782E+08   9.96038   4.41923   4.05842   2.20409  -3.07092  -3.72375  -4.19825 0.16645E+02   0.11938
  0.23956205E+08   9.96019   4.42014   4.06331   2.22274  -3.06441  -3.71798  -4.19410 0.16366E+02   0.11992
  0.23983113E+08   9.95996   4.42115   4.06877   2.24356  -3.05744  -3.71170  -4.18951 0.16074E+02   0.12049
  0.24007190E+08   9.95977   4.42232   4.07471   2.26613  -3.05152  -3.70631  -4.18550 0.15829E+02   0.12096
  0.24030732E+08   9.95958   4.42340   4.07984   2.28559  -3.04595  -3.70116  -4.18162 0.15605E+02   0.12141
  0.24058982E+08   9.95936   4.42442   4.08468   2.30392  -3.03995  -3.69553  -4.17732 0.15368E+02   0.12189
  0.24092883E+08   9.95910   4.42558   4.08998   2.32394  -3.03379  -3.68968  -4.17280 0.15129E+02   0.12237
  0.24123867E+08   9.95886   4.42691   4.09560   2.34507  -3.02852  -3.68462  -4.16884 0.14926E+02   0.12277
  0.24161048E+08   9.95859   4.42816   4.10054   2.36358  -3.02300  -3.67925  -4.16459 0.14720E+02   0.12320
  0.24205665E+08   9.95826   4.42957   4.10585   2.38339  -3.01770  -3.67404  -4.16045 0.14526E+02   0.12359
  0.24246727E+08   9.95797   4.43120   4.11129   2.40352  -3.01322  -3.66957  -4.15687 0.14363E+02   0.12391
  0.24296001E+08   9.95763   4.43273   4.11610   2.42121  -3.00907  -3.66539  -4.15353 0.14219E+02   0.12420
  0.24355130E+08   9.95722   4.43446   4.12093   2.43880  -3.00601  -3.66226  -4.15113 0.14119E+02   0.12439
  0.24426085E+08   9.95674   4.43648   4.12542   2.45472  -3.00472  -3.66092  -4.15034 0.14088E+02   0.12442
  0.24511230E+08   9.95616   4.43886   4.12919   2.46740  -3.00638  -3.66260  -4.15233 0.14176E+02   0.12419
  0.24613405E+08   9.95548   4.44167   4.13155   2.47398  -3.01270  -3.66906  -4.15873 0.14451E+02   0.12356
  0.24736014E+08   9.95464   4.44503   4.13149   2.47038  -3.02802  -3.68474  -4.17348 0.15116E+02   0.12217
  0.24841933E+08   9.95389   4.44905   4.12636   2.44580  -3.04277  -3.69973  -4.18739 0.15780E+02   0.12086
  0.24934130E+08   9.95322   4.45263   4.12112   2.42123  -3.06340  -3.72041  -4.20591 0.16775E+02   0.11909
  0.24971008E+08   9.95293   4.45570   4.11153   2.37974  -3.07657  -3.73337  -4.21715 0.17482E+02   0.11798
  0.25002957E+08   9.94756   4.45694   4.10456   2.35062  -3.09321  -3.74948  -4.23081 0.18373E+02   0.11659
  0.25029223E+08   9.94291   4.45777   4.09551   2.31334  -3.11063  -3.76597  -4.24440 0.19344E+02   0.11513
  0.25050236E+08   9.93899   4.45847   4.08575   2.27341  -3.12756  -3.78161  -4.25692 0.20338E+02   0.11372
  0.25067046E+08   9.93569   4.45899   4.07600   2.23373  -3.14357  -3.79603  -4.26810 0.21332E+02   0.11238
  0.25080495E+08   9.93292   4.45934   4.06656   2.19548  -3.15840  -3.80905  -4.27789 0.22302E+02   0.11114
  0.25091253E+08   9.93060   4.45956   4.05763   2.15942  -3.17184  -3.82055  -4.28630 0.23230E+02   0.11000
  0.25099932E+08   9.92865   4.45968   4.04936   2.12612  -3.18395  -3.83065  -4.29348 0.24108E+02   0.10897
  0.25107206E+08   9.92696   4.45971   4.04177   2.09562  -3.19515  -3.83977  -4.29979 0.24961E+02   0.10801
  0.25113466E+08   9.92546   4.45968   4.03460   2.06692  -3.20569  -3.84814  -4.30543 0.25802E+02   0.10710
  0.25118952E+08   9.92410   4.45961   4.02773   2.03942  -3.21572  -3.85591  -4.31052 0.26642E+02   0.10622
  0.25123823E+08   9.92286   4.45949   4.02105   2.01275  -3.22533  -3.86316  -4.31512 0.27487E+02   0.10536
  0.25128185E+08   9.92171   4.45934   4.01450   1.98667  -3.23458  -3.86996  -4.31930 0.28343E+02   0.10453
  0.25132119E+08   9.92064   4.45914   4.00805   1.96102  -3.24349  -3.87630  -4.32305 0.29211E+02   0.10371
  0.25135684E+08   9.91965   4.45892   4.00168   1.93570  -3.25209  -3.88225  -4.32641 0.30093E+02   0.10291
  0.25138928E+08   9.91873   4.45866   3.99536   1.91066  -3.26038  -3.88778  -4.32940 0.30993E+02   0.10213
  0.25141889E+08   9.91786   4.45837   3.98909   1.88584  -3.26838  -3.89294  -4.33205 0.31912E+02   0.10135
  0.25143244E+08   9.91745   4.45804   3.98287   1.86121  -3.27211  -3.89529  -4.33321 0.32358E+02   0.10099
  0.25143922E+08   9.91724   4.45788   3.97989   1.84947  -3.27400  -3.89646  -4.33377 0.32588E+02   0.10080
  0.25144599E+08   9.91704   4.45779   3.97838   1.84348  -3.27592  -3.89764  -4.33433 0.32825E+02   0.10061
  0.25145277E+08   9.91683   4.45771   3.97683   1.83736  -3.27786  -3.89883  -4.33489 0.33067E+02   0.10042
  0.25145954E+08   9.91662   4.45762   3.97525   1.83112  -3.27983  -3.90002  -4.33545 0.33316E+02   0.10022
  0.25146767E+08   9.91636   4.45752   3.97363   1.82475  -3.28223  -3.90147  -4.33611 0.33626E+02   0.09997
  0.25147743E+08   9.91606   4.45741   3.97165   1.81691  -3.28518  -3.90321  -4.33689 0.34012E+02   0.09967
  0.25148913E+08   9.91568   4.45727   3.96920   1.80722  -3.28881  -3.90532  -4.33780 0.34498E+02   0.09930
  0.25149265E+08   9.91557   4.45710   3.96615   1.79518  -3.28989  -3.90594  -4.33806 0.34646E+02   0.09919
  0.25149616E+08   9.91546   4.45704   3.96522   1.79153  -3.29098  -3.90656  -4.33831 0.34797E+02   0.09907
  0.25149967E+08   9.91534   4.45698   3.96428   1.78784  -3.29207  -3.90718  -4.33857 0.34950E+02   0.09896
  0.25150318E+08   9.91523   4.45693   3.96334   1.78411  -3.29318  -3.90780  -4.33881 0.35106E+02   0.09884
  0.25150740E+08   9.91509   4.45687   3.96238   1.78034  -3.29451  -3.90854  -4.33910 0.35296E+02   0.09870
  0.25151245E+08   9.91492   4.45680   3.96122   1.77575  -3.29611  -3.90942  -4.33943 0.35528E+02   0.09853
  0.25151549E+08   9.91482   4.45671   3.95980   1.77016  -3.29708  -3.90995  -4.33962 0.35669E+02   0.09843
  0.25151852E+08   9.91472   4.45666   3.95895   1.76678  -3.29805  -3.91047  -4.33981 0.35813E+02   0.09832
  0.25152156E+08   9.91462   4.45660   3.95808   1.76336  -3.29902  -3.91099  -4.33999 0.35958E+02   0.09822
  0.25152459E+08   9.91452   4.45655   3.95720   1.75991  -3.30000  -3.91150  -4.34017 0.36105E+02   0.09811
  0.25152823E+08   9.91440   4.45650   3.95632   1.75643  -3.30117  -3.91212  -4.34037 0.36285E+02   0.09799
  0.25153260E+08   9.91425   4.45643   3.95525   1.75220  -3.30259  -3.91285  -4.34059 0.36504E+02   0.09783
  0.25153785E+08   9.91407   4.45635   3.95394   1.74705  -3.30431  -3.91372  -4.34085 0.36774E+02   0.09764
  0.25154099E+08   9.91397   4.45625   3.95235   1.74078  -3.30533  -3.91424  -4.34099 0.36938E+02   0.09752
  0.25154257E+08   9.91391   4.45619   3.95139   1.73698  -3.30585  -3.91449  -4.34106 0.37021E+02   0.09747
  0.25154414E+08   9.91386   4.45616   3.95090   1.73506  -3.30636  -3.91474  -4.34112 0.37105E+02   0.09741
  0.25154571E+08   9.91380   4.45613   3.95041   1.73314  -3.30689  -3.91500  -4.34118 0.37189E+02   0.09735
  0.25154728E+08   9.91375   4.45610   3.94993   1.73122  -3.30740  -3.91525  -4.34124 0.37273E+02   0.09729
  0.25154917E+08   9.91369   4.45607   3.94943   1.72928  -3.30802  -3.91555  -4.34130 0.37375E+02   0.09722
  0.25155144E+08   9.91361   4.45603   3.94884   1.72694  -3.30876  -3.91590  -4.34137 0.37499E+02   0.09714
  0.25155416E+08   9.91351   4.45598   3.94812   1.72411  -3.30965  -3.91631  -4.34145 0.37650E+02   0.09703
  0.25155742E+08   9.91340   4.45593   3.94725   1.72069  -3.31072  -3.91681  -4.34153 0.37833E+02   0.09691
  0.25155937E+08   9.91333   4.45586   3.94620   1.71654  -3.31136  -3.91710  -4.34157 0.37944E+02   0.09684
  0.25156133E+08   9.91326   4.45582   3.94557   1.71404  -3.31199  -3.91738  -4.34160 0.38056E+02   0.09676
  0.25156329E+08   9.91319   4.45578   3.94493   1.71152  -3.31263  -3.91766  -4.34164 0.38169E+02   0.09669
  0.25156525E+08   9.91313   4.45574   3.94428   1.70898  -3.31327  -3.91794  -4.34166 0.38284E+02   0.09661
  0.25156759E+08   9.91304   4.45569   3.94363   1.70643  -3.31404  -3.91826  -4.34167 0.38422E+02   0.09652
  0.25157041E+08   9.91294   4.45564   3.94285   1.70335  -3.31495  -3.91865  -4.34169 0.38590E+02   0.09641
  0.25157379E+08   9.91282   4.45558   3.94190   1.69961  -3.31605  -3.91910  -4.34168 0.38795E+02   0.09628
  0.25157582E+08   9.91275   4.45550   3.94075   1.69508  -3.31671  -3.91936  -4.34167 0.38920E+02   0.09620
  0.25157785E+08   9.91268   4.45546   3.94006   1.69235  -3.31736  -3.91961  -4.34164 0.39046E+02   0.09612
  0.25157988E+08   9.91260   4.45541   3.93936   1.68960  -3.31802  -3.91987  -4.34161 0.39173E+02   0.09603
  0.25158191E+08   9.91253   4.45536   3.93866   1.68683  -3.31867  -3.92011  -4.34157 0.39301E+02   0.09595
  0.25158435E+08   9.91244   4.45531   3.93795   1.68404  -3.31945  -3.92039  -4.34151 0.39456E+02   0.09585
  0.25158727E+08   9.91234   4.45525   3.93709   1.68066  -3.32038  -3.92072  -4.34142 0.39645E+02   0.09574
