#     AGE           MASS      LOGL     LOGTEFF    LOG G     LOGK2     LOGK3     LOGK4      APOT        BETA
  0.10022942E+08   4.99970   2.82528   4.28816   4.41770  -1.98909  -2.66979  -3.15226 0.15562E+01   0.25898
  0.11927715E+08   4.99965   2.83041   4.28752   4.40999  -1.99574  -2.67587  -3.15804 0.15636E+01   0.25800
  0.14213442E+08   4.99960   2.83673   4.28683   4.40092  -2.00380  -2.68321  -3.16502 0.15728E+01   0.25682
  0.16956314E+08   4.99953   2.84452   4.28606   4.39004  -2.01364  -2.69214  -3.17352 0.15841E+01   0.25538
  0.20247762E+08   4.99944   2.85418   4.28515   4.37670  -2.02579  -2.70315  -3.18399 0.15984E+01   0.25359
  0.24197498E+08   4.99933   2.86622   4.28398   4.35997  -2.04098  -2.71685  -3.19702 0.16166E+01   0.25137
  0.28937182E+08   4.99920   2.88134   4.28240   4.33855  -2.06017  -2.73413  -3.21345 0.16405E+01   0.24856
  0.34624803E+08   4.99902   2.90052   4.28017   4.31041  -2.08481  -2.75623  -3.23450 0.16723E+01   0.24495
  0.41449948E+08   4.99880   2.92499   4.27687   4.27272  -2.11677  -2.78478  -3.26173 0.17160E+01   0.24028
  0.47371420E+08   4.99858   2.94757   4.27326   4.23567  -2.14690  -2.81164  -3.28740 0.17598E+01   0.23588
  0.52623065E+08   4.99837   2.96892   4.26926   4.19831  -2.17601  -2.83754  -3.31224 0.18048E+01   0.23162
  0.57303130E+08   4.99817   2.98920   4.26485   4.16039  -2.20412  -2.86245  -3.33610 0.18512E+01   0.22751
  0.61466705E+08   4.99797   3.00841   4.26000   4.12176  -2.23163  -2.88698  -3.35979 0.18996E+01   0.22349
  0.65150830E+08   4.99777   3.02613   4.25491   4.08365  -2.25764  -2.91023  -3.38235 0.19482E+01   0.21969
  0.68411265E+08   4.99759   3.04245   4.24961   4.04612  -2.28218  -2.93223  -3.40381 0.19972E+01   0.21610
  0.71311428E+08   4.99741   3.05761   4.24407   4.00880  -2.30557  -2.95328  -3.42441 0.20470E+01   0.21268
  0.73891461E+08   4.99723   3.07171   4.23829   3.97157  -2.32795  -2.97351  -3.44433 0.20975E+01   0.20941
  0.76179756E+08   4.99707   3.08482   4.23231   3.93451  -2.34933  -2.99297  -3.46358 0.21487E+01   0.20629
  0.78202550E+08   4.99691   3.09696   4.22619   3.89786  -2.36971  -3.01161  -3.48213 0.22006E+01   0.20332
  0.79987804E+08   4.99676   3.10811   4.22006   3.86220  -2.38890  -3.02929  -3.49980 0.22524E+01   0.20054
  0.81569469E+08   4.99662   3.11833   4.21407   3.82800  -2.40685  -3.04592  -3.51652 0.23037E+01   0.19793
  0.82986264E+08   4.99649   3.12781   4.20827   3.79529  -2.42370  -3.06165  -3.53240 0.23545E+01   0.19550
  0.84274465E+08   4.99636   3.13680   4.20274   3.76418  -2.43965  -3.07663  -3.54759 0.24055E+01   0.19320
  0.85467207E+08   4.99623   3.14560   4.19766   3.73504  -2.45486  -3.09098  -3.56218 0.24569E+01   0.19102
  0.86601204E+08   4.99610   3.15480   4.19351   3.70926  -2.46939  -3.10476  -3.57619 0.25091E+01   0.18893
  0.87692214E+08   4.99597   3.16555   4.19217   3.69312  -2.48245  -3.11710  -3.58863 0.25606E+01   0.18705
  0.88167036E+08   4.99592   3.17204   4.19432   3.69523  -2.48700  -3.12129  -3.59272 0.25812E+01   0.18638
  0.88660401E+08   4.99585   3.18289   4.20338   3.72062  -2.48855  -3.12237  -3.59332 0.25951E+01   0.18610
  0.88857747E+08   4.99583   3.19367   4.21456   3.75456  -2.48770  -3.12114  -3.59153 0.25995E+01   0.18616
  0.88939812E+08   4.99582   3.20516   4.22458   3.78313  -2.48893  -3.12197  -3.59187 0.26109E+01   0.18593
  0.88974367E+08   4.99581   3.21529   4.23135   3.80008  -2.49235  -3.12497  -3.59456 0.26300E+01   0.18540
  0.89002010E+08   4.99581   3.22738   4.23799   3.81455  -2.49817  -3.13015  -3.59941 0.26666E+01   0.18449
  0.89024125E+08   4.99581   3.23208   4.23906   3.81414  -2.50254  -3.13383  -3.60298 0.27178E+01   0.18367
  0.89041817E+08   4.99581   3.22505   4.23235   3.79433  -2.50307  -3.13396  -3.60332 0.27667E+01   0.18336
  0.89055971E+08   4.99580   3.21931   4.22346   3.76449  -2.50727  -3.13777  -3.60748 0.28229E+01   0.18260
  0.89067294E+08   4.99580   3.21870   4.21552   3.73336  -2.51563  -3.14578  -3.61588 0.28856E+01   0.18134
  0.89076352E+08   4.99580   3.22122   4.20914   3.70533  -2.52540  -3.15530  -3.62577 0.29466E+01   0.17995
  0.89084372E+08   4.99580   3.22522   4.20363   3.67928  -2.53568  -3.16541  -3.63627 0.30066E+01   0.17853
  0.89091925E+08   4.99580   3.22991   4.19862   3.65454  -2.54607  -3.17571  -3.64696 0.30658E+01   0.17712
  0.89099323E+08   4.99580   3.23480   4.19389   3.63072  -2.55634  -3.18594  -3.65760 0.31242E+01   0.17575
  0.89108201E+08   4.99580   3.24048   4.18844   3.60327  -2.56821  -3.19782  -3.66998 0.31932E+01   0.17418
  0.89118854E+08   4.99580   3.24657   4.18219   3.57218  -2.58138  -3.21111  -3.68384 0.32731E+01   0.17245
  0.89128134E+08   4.99579   3.25115   4.17690   3.54643  -2.59197  -3.22183  -3.69507 0.33408E+01   0.17107
  0.89136976E+08   4.99579   3.25493   4.17198   3.52295  -2.60133  -3.23137  -3.70508 0.34035E+01   0.16986
  0.89145742E+08   4.99579   3.25813   4.16717   3.50052  -2.60998  -3.24022  -3.71438 0.34642E+01   0.16874
  0.89156261E+08   4.99579   3.26138   4.16149   3.47455  -2.61968  -3.25020  -3.72488 0.35358E+01   0.16750
  0.89168884E+08   4.99579   3.26462   4.15474   3.44432  -2.63060  -3.26148  -3.73678 0.36207E+01   0.16611
  0.89179676E+08   4.99578   3.26692   4.14897   3.41894  -2.63947  -3.27071  -3.74652 0.36935E+01   0.16500
  0.89189693E+08   4.99578   3.26872   4.14359   3.39562  -2.64742  -3.27901  -3.75529 0.37617E+01   0.16400
  0.89199341E+08   4.99578   3.27017   4.13836   3.37324  -2.65486  -3.28682  -3.76353 0.38286E+01   0.16308
  0.89208780E+08   4.99578   3.27136   4.13317   3.35131  -2.66200  -3.29435  -3.77146 0.38953E+01   0.16220
  0.89218069E+08   4.99578   3.27231   4.12798   3.32958  -2.66893  -3.30167  -3.77918 0.39627E+01   0.16136
  0.89227218E+08   4.99577   3.27307   4.12276   3.30795  -2.67571  -3.30885  -3.78674 0.40310E+01   0.16053
  0.89236215E+08   4.99577   3.27364   4.11751   3.28639  -2.68236  -3.31592  -3.79416 0.41004E+01   0.15973
  0.89245044E+08   4.99577   3.27404   4.11223   3.26487  -2.68889  -3.32288  -3.80145 0.41711E+01   0.15895
  0.89253688E+08   4.99577   3.27427   4.10692   3.24337  -2.69532  -3.32975  -3.80862 0.42430E+01   0.15819
  0.89262128E+08   4.99576   3.27435   4.10157   3.22190  -2.70165  -3.33652  -3.81567 0.43162E+01   0.15744
  0.89270350E+08   4.99576   3.27428   4.09619   3.20047  -2.70788  -3.34320  -3.82259 0.43907E+01   0.15672
  0.89278343E+08   4.99576   3.27407   4.09080   3.17909  -2.71403  -3.34978  -3.82939 0.44666E+01   0.15601
  0.89286098E+08   4.99576   3.27373   4.08538   3.15776  -2.72008  -3.35627  -3.83606 0.45437E+01   0.15531
  0.89293611E+08   4.99576   3.27325   4.07994   3.13649  -2.72605  -3.36268  -3.84260 0.46220E+01   0.15463
  0.89300879E+08   4.99575   3.27266   4.07449   3.11529  -2.73194  -3.36899  -3.84902 0.47016E+01   0.15397
  0.89307903E+08   4.99575   3.27195   4.06903   3.09416  -2.73774  -3.37520  -3.85529 0.47825E+01   0.15332
  0.89314683E+08   4.99575   3.27112   4.06356   3.07311  -2.74346  -3.38132  -3.86143 0.48648E+01   0.15269
  0.89321225E+08   4.99575   3.27020   4.05809   3.05214  -2.74910  -3.38734  -3.86742 0.49485E+01   0.15206
  0.89327533E+08   4.99574   3.26916   4.05261   3.03125  -2.75466  -3.39325  -3.87326 0.50334E+01   0.15145
  0.89333612E+08   4.99574   3.26803   4.04713   3.01046  -2.76014  -3.39905  -3.87894 0.51196E+01   0.15086
  0.89339469E+08   4.99574   3.26679   4.04164   2.98975  -2.76553  -3.40475  -3.88446 0.52069E+01   0.15028
  0.89345109E+08   4.99574   3.26547   4.03616   2.96913  -2.77084  -3.41034  -3.88982 0.52956E+01   0.14971
  0.89350540E+08   4.99574   3.26406   4.03067   2.94860  -2.77608  -3.41581  -3.89502 0.53855E+01   0.14915
  0.89355769E+08   4.99573   3.26256   4.02519   2.92816  -2.78125  -3.42118  -3.90007 0.54767E+01   0.14860
  0.89360805E+08   4.99573   3.26099   4.01971   2.90781  -2.78635  -3.42645  -3.90496 0.55693E+01   0.14806
  0.89365653E+08   4.99573   3.25933   4.01423   2.88755  -2.79138  -3.43162  -3.90969 0.56634E+01   0.14753
  0.89370322E+08   4.99573   3.25761   4.00875   2.86737  -2.79634  -3.43667  -3.91427 0.57587E+01   0.14701
  0.89374818E+08   4.99573   3.25581   4.00328   2.84729  -2.80123  -3.44162  -3.91869 0.58553E+01   0.14650
  0.89379148E+08   4.99573   3.25395   3.99782   2.82729  -2.80605  -3.44644  -3.92293 0.59532E+01   0.14600
  0.89383322E+08   4.99572   3.25202   3.99236   2.80739  -2.81078  -3.45112  -3.92696 0.60526E+01   0.14551
  0.89387344E+08   4.99572   3.25002   3.98691   2.78758  -2.81542  -3.45566  -3.93080 0.61532E+01   0.14503
  0.89391223E+08   4.99572   3.24796   3.98146   2.76785  -2.81996  -3.46003  -3.93441 0.62553E+01   0.14456
  0.89394964E+08   4.99572   3.24585   3.97602   2.74821  -2.82441  -3.46425  -3.93779 0.63586E+01   0.14409
  0.89398575E+08   4.99572   3.24368   3.97059   2.72866  -2.82874  -3.46828  -3.94093 0.64637E+01   0.14364
  0.89402061E+08   4.99572   3.24145   3.96517   2.70920  -2.83295  -3.47212  -3.94381 0.65697E+01   0.14320
  0.89405428E+08   4.99571   3.23918   3.95976   2.68981  -2.83705  -3.47576  -3.94641 0.66774E+01   0.14276
  0.89408682E+08   4.99571   3.23685   3.95435   2.67051  -2.84101  -3.47919  -3.94873 0.67866E+01   0.14234
  0.89411828E+08   4.99571   3.23448   3.94895   2.65129  -2.84484  -3.48241  -3.95077 0.68970E+01   0.14192
  0.89414871E+08   4.99571   3.23205   3.94356   2.63214  -2.84853  -3.48540  -3.95250 0.70088E+01   0.14152
  0.89417816E+08   4.99571   3.22958   3.93817   2.61307  -2.85208  -3.48814  -3.95391 0.71223E+01   0.14113
  0.89420667E+08   4.99571   3.22707   3.93279   2.59407  -2.85546  -3.49063  -3.95499 0.72373E+01   0.14074
  0.89423427E+08   4.99571   3.22452   3.92742   2.57513  -2.85869  -3.49287  -3.95574 0.73540E+01   0.14037
  0.89426102E+08   4.99570   3.22193   3.92206   2.55627  -2.86176  -3.49485  -3.95614 0.74722E+01   0.14000
  0.89428695E+08   4.99570   3.21929   3.91670   2.53746  -2.86466  -3.49656  -3.95620 0.75921E+01   0.13965
  0.89431209E+08   4.99570   3.21663   3.91134   2.51872  -2.86739  -3.49799  -3.95591 0.77138E+01   0.13930
  0.89433648E+08   4.99570   3.21392   3.90600   2.50003  -2.86996  -3.49915  -3.95527 0.78371E+01   0.13897
  0.89436014E+08   4.99570   3.21118   3.90065   2.48141  -2.87232  -3.50000  -3.95424 0.79622E+01   0.13864
  0.89438310E+08   4.99570   3.20840   3.89531   2.46281  -2.87456  -3.50064  -3.95293 0.80892E+01   0.13832
  0.89440540E+08   4.99570   3.20559   3.88997   2.44426  -2.87664  -3.50103  -3.95132 0.82182E+01   0.13801
  0.89442704E+08   4.99570   3.20275   3.88464   2.42576  -2.87857  -3.50116  -3.94939 0.83490E+01   0.13770
  0.89444805E+08   4.99569   3.19988   3.87930   2.40729  -2.88035  -3.50107  -3.94719 0.84819E+01   0.13740
  0.89446844E+08   4.99569   3.19698   3.87397   2.38887  -2.88198  -3.50073  -3.94469 0.86168E+01   0.13711
  0.89448825E+08   4.99569   3.19406   3.86864   2.37048  -2.88347  -3.50017  -3.94191 0.87540E+01   0.13682
  0.89450749E+08   4.99569   3.19111   3.86332   2.35213  -2.88481  -3.49939  -3.93888 0.88934E+01   0.13654
  0.89452618E+08   4.99569   3.18814   3.85799   2.33381  -2.88602  -3.49838  -3.93559 0.90350E+01   0.13626
  0.89454433E+08   4.99569   3.18514   3.85267   2.31552  -2.88709  -3.49716  -3.93205 0.91792E+01   0.13599
  0.89456197E+08   4.99569   3.18213   3.84736   2.29726  -2.88800  -3.49571  -3.92824 0.93254E+01   0.13573
  0.89457911E+08   4.99569   3.17910   3.84204   2.27905  -2.88874  -3.49400  -3.92414 0.94740E+01   0.13547
  0.89459577E+08   4.99568   3.17604   3.83674   2.26087  -2.88931  -3.49203  -3.91974 0.96250E+01   0.13521
  0.89461197E+08   4.99568   3.17297   3.83143   2.24272  -2.88973  -3.48985  -3.91509 0.97785E+01   0.13496
  0.89462772E+08   4.99568   3.16988   3.82613   2.22461  -2.88995  -3.48737  -3.91012 0.99344E+01   0.13472
  0.89464305E+08   4.99568   3.16677   3.82083   2.20653  -2.89000  -3.48466  -3.90487 0.10093E+02   0.13449
  0.89465796E+08   4.99568   3.16364   3.81555   2.18851  -2.88978  -3.48156  -3.89918 0.10254E+02   0.13426
  0.89467247E+08   4.99568   3.16050   3.81026   2.17050  -2.88938  -3.47821  -3.89321 0.10417E+02   0.13405
  0.89468660E+08   4.99568   3.15733   3.80498   2.15255  -2.88872  -3.47450  -3.88682 0.10584E+02   0.13384
  0.89470037E+08   4.99568   3.15414   3.79970   2.13462  -2.88783  -3.47048  -3.88008 0.10752E+02   0.13364
  0.89471377E+08   4.99568   3.15093   3.79443   2.11674  -2.88663  -3.46604  -3.87285 0.10923E+02   0.13346
  0.89472683E+08   4.99568   3.14770   3.78916   2.09892  -2.88512  -3.46117  -3.86513 0.11097E+02   0.13329
  0.89473957E+08   4.99567   3.14444   3.78390   2.08114  -2.88329  -3.45586  -3.85689 0.11274E+02   0.13313
  0.89475199E+08   4.99567   3.14116   3.77865   2.06340  -2.88112  -3.45010  -3.84813 0.11453E+02   0.13299
  0.89476410E+08   4.99567   3.13785   3.77339   2.04567  -2.87868  -3.44399  -3.83897 0.11635E+02   0.13286
  0.89477570E+08   4.99567   3.13458   3.76825   2.02837  -2.87586  -3.43742  -3.82930 0.11816E+02   0.13275
  0.89478690E+08   4.99567   3.13131   3.76317   2.01134  -2.87258  -3.43026  -3.81894 0.11996E+02   0.13267
  0.89479801E+08   4.99567   3.12797   3.75805   1.99421  -2.86856  -3.42207  -3.80731 0.12181E+02   0.13262
  0.89480897E+08   4.99567   3.12456   3.75292   1.97708  -2.86379  -3.41283  -3.79438 0.12368E+02   0.13261
  0.89481975E+08   4.99567   3.12109   3.74778   1.95999  -2.85820  -3.40247  -3.78007 0.12558E+02   0.13265
  0.89483036E+08   4.99567   3.11755   3.74266   1.94307  -2.85152  -3.39062  -3.76392 0.12748E+02   0.13274
  0.89484080E+08   4.99567   3.11395   3.73760   1.92643  -2.84340  -3.37680  -3.74532 0.12936E+02   0.13291
  0.89485112E+08   4.99567   3.11025   3.73264   1.91026  -2.83315  -3.36006  -3.72309 0.13120E+02   0.13321
  0.89486137E+08   4.99567   3.10644   3.72792   1.89520  -2.81888  -3.33778  -3.69395 0.13289E+02   0.13374
  0.89487366E+08   4.99566   3.10168   3.72282   1.87956  -2.79334  -3.29959  -3.64489 0.13455E+02   0.13490
  0.89488842E+08   4.99566   3.09565   3.71751   1.86435  -2.75052  -3.23773  -3.56703 0.13598E+02   0.13706
  0.89490202E+08   4.99566   3.08975   3.71331   1.85344  -2.70101  -3.16845  -3.48198 0.13681E+02   0.13978
  0.89491834E+08   4.99566   3.08227   3.70887   1.84317  -2.63235  -3.07613  -3.37250 0.13732E+02   0.14386
  0.89493792E+08   4.99566   3.07289   3.70457   1.83536  -2.54047  -2.96040  -3.24241 0.13717E+02   0.15008
  0.89496142E+08   4.99566   3.06142   3.70113   1.83307  -2.42181  -2.82143  -3.09418 0.13580E+02   0.15958
  0.89498962E+08   4.99565   3.04702   3.69706   1.83120  -2.28275  -2.66591  -2.93284 0.13391E+02   0.17264
  0.89502345E+08   4.99565   3.03023   3.69261   1.83020  -2.11949  -2.49002  -2.75384 0.13134E+02   0.19091
  0.89505357E+08   4.99565   3.01858   3.68896   1.82724  -1.98471  -2.34900  -2.61226 0.12932E+02   0.20865
  0.89508970E+08   4.99565   3.01053   3.68463   1.81797  -1.83582  -2.19681  -2.46106 0.12769E+02   0.23129
  0.89513306E+08   4.99564   3.01546   3.67920   1.79131  -1.68362  -2.04488  -2.31169 0.12810E+02   0.25789
  0.89515908E+08   4.99564   3.02952   3.67588   1.76395  -1.61181  -1.97458  -2.24319 0.13023E+02   0.27168
  0.89519030E+08   4.99564   3.05257   3.67180   1.72461  -1.54050  -1.90599  -2.17689 0.13408E+02   0.28625
  0.89520903E+08   4.99564   3.07106   3.66949   1.69685  -1.50661  -1.87389  -2.14605 0.13727E+02   0.29349
  0.89522839E+08   4.99563   3.09018   3.66675   1.66678  -1.47768  -1.84686  -2.12029 0.14101E+02   0.29986
  0.89524698E+08   4.99563   3.11066   3.66485   1.63870  -1.45464  -1.82548  -2.09991 0.14474E+02   0.30505
  0.89526491E+08   4.99563   3.12893   3.66273   1.61196  -1.43699  -1.80932  -2.08463 0.14851E+02   0.30912
  0.89528258E+08   4.99563   3.14658   3.66100   1.58740  -1.42292  -1.79653  -2.07255 0.15216E+02   0.31241
  0.89530378E+08   4.99563   3.16497   3.65891   1.56061  -1.40994  -1.78488  -2.06163 0.15637E+02   0.31551
  0.89532922E+08   4.99562   3.18478   3.65721   1.53400  -1.39810  -1.77426  -2.05162 0.16079E+02   0.31838
  0.89535319E+08   4.99562   3.20015   3.65578   1.51293  -1.38974  -1.76683  -2.04464 0.16450E+02   0.32043
  0.89538194E+08   4.99561   3.21481   3.65436   1.49259  -1.38223  -1.76020  -2.03843 0.16829E+02   0.32230
  0.89541645E+08   4.99561   3.22861   3.65309   1.47369  -1.37537  -1.75417  -2.03277 0.17208E+02   0.32402
  0.89545787E+08   4.99560   3.24104   3.65157   1.45522  -1.36921  -1.74884  -2.02784 0.17607E+02   0.32559
  0.89550756E+08   4.99559   3.25368   3.65043   1.43800  -1.36313  -1.74350  -2.02283 0.18013E+02   0.32714
  0.89556719E+08   4.99558   3.26633   3.64919   1.42041  -1.35716  -1.73830  -2.01796 0.18463E+02   0.32868
  0.89563875E+08   4.99556   3.28014   3.64805   1.40200  -1.35106  -1.73297  -2.01293 0.18975E+02   0.33025
  0.89572463E+08   4.99554   3.29534   3.64644   1.38037  -1.34505  -1.72780  -2.00811 0.19613E+02   0.33183
  0.89582767E+08   4.99552   3.31325   3.64493   1.35644  -1.33880  -1.72237  -2.00296 0.20381E+02   0.33347
  0.89591745E+08   4.99550   3.32833   3.64343   1.33534  -1.33423  -1.71844  -1.99927 0.21095E+02   0.33469
  0.89599900E+08   4.99547   3.34203   3.64221   1.31676  -1.33048  -1.71521  -1.99619 0.21763E+02   0.33569
  0.89607508E+08   4.99545   3.35451   3.64086   1.29888  -1.32749  -1.71268  -1.99382 0.22427E+02   0.33650
  0.89616637E+08   4.99543   3.36949   3.63958   1.27876  -1.32409  -1.70972  -1.99096 0.23215E+02   0.33741
  0.89627591E+08   4.99539   3.38603   3.63784   1.25528  -1.32086  -1.70700  -1.98835 0.24137E+02   0.33830
  0.89636355E+08   4.99536   3.39776   3.63684   1.23952  -1.31853  -1.70498  -1.98638 0.24740E+02   0.33892
  0.89644140E+08   4.99533   3.40603   3.63613   1.22843  -1.31683  -1.70353  -1.98497 0.25127E+02   0.33938
  0.89653482E+08   4.99530   3.41280   3.63548   1.21907  -1.31578  -1.70265  -1.98413 0.25410E+02   0.33967
  0.89664692E+08   4.99526   3.41774   3.63528   1.21331  -1.31511  -1.70202  -1.98345 0.25565E+02   0.33984
  0.89678145E+08   4.99520   3.42075   3.63493   1.20890  -1.31501  -1.70197  -1.98341 0.25684E+02   0.33988
  0.89694288E+08   4.99514   3.42250   3.63496   1.20725  -1.31526  -1.70214  -1.98352 0.25751E+02   0.33980
  0.89713659E+08   4.99507   3.42281   3.63489   1.20667  -1.31611  -1.70289  -1.98422 0.25828E+02   0.33958
  0.89736905E+08   4.99498   3.42192   3.63486   1.20743  -1.31733  -1.70398  -1.98527 0.25910E+02   0.33926
  0.89764800E+08   4.99487   3.42015   3.63490   1.20934  -1.31886  -1.70535  -1.98659 0.26004E+02   0.33886
  0.89798273E+08   4.99474   3.41798   3.63541   1.21355  -1.32038  -1.70659  -1.98770 0.26076E+02   0.33844
  0.89838442E+08   4.99458   3.41550   3.63568   1.21709  -1.32229  -1.70824  -1.98926 0.26203E+02   0.33793
  0.89886644E+08   4.99440   3.41298   3.63603   1.22101  -1.32439  -1.71004  -1.99093 0.26353E+02   0.33737
  0.89944487E+08   4.99418   3.41036   3.63622   1.22435  -1.32685  -1.71221  -1.99299 0.26554E+02   0.33672
  0.90013898E+08   4.99392   3.40766   3.63661   1.22860  -1.32953  -1.71450  -1.99513 0.26765E+02   0.33600
  0.90069428E+08   4.99372   3.40580   3.63697   1.23186  -1.33163  -1.71630  -1.99678 0.26942E+02   0.33543
  0.90124180E+08   4.99352   3.40415   3.63700   1.23363  -1.33376  -1.71819  -1.99859 0.27141E+02   0.33488
  0.90169089E+08   4.99336   3.40294   3.63720   1.23563  -1.33537  -1.71958  -1.99987 0.27283E+02   0.33445
  0.90222981E+08   4.99316   3.40151   3.63743   1.23795  -1.33721  -1.72116  -2.00134 0.27436E+02   0.33396
  0.90287651E+08   4.99293   3.39983   3.63773   1.24084  -1.33934  -1.72298  -2.00304 0.27600E+02   0.33339
  0.90365255E+08   4.99265   3.39778   3.63785   1.24334  -1.34195  -1.72528  -2.00521 0.27813E+02   0.33270
  0.90458380E+08   4.99232   3.39549   3.63829   1.24736  -1.34485  -1.72777  -2.00751 0.28020E+02   0.33193
  0.90541351E+08   4.99203   3.39326   3.63834   1.24976  -1.34774  -1.73035  -2.00997 0.28245E+02   0.33117
  0.90640915E+08   4.99169   3.39106   3.63891   1.25421  -1.35068  -1.73283  -2.01223 0.28435E+02   0.33038
  0.90670785E+08   4.99158   3.39012   3.63884   1.25484  -1.35194  -1.73400  -2.01337 0.28539E+02   0.33006
  0.90702552E+08   4.99147   3.38916   3.63895   1.25624  -1.35311  -1.73502  -2.01433 0.28614E+02   0.32975
  0.90727967E+08   4.99139   3.38842   3.63900   1.25717  -1.35404  -1.73584  -2.01511 0.28676E+02   0.32951
  0.90748298E+08   4.99132   3.38790   3.63917   1.25837  -1.35471  -1.73640  -2.01561 0.28710E+02   0.32933
  0.90765691E+08   4.99126   3.38744   3.63931   1.25939  -1.35526  -1.73685  -2.01602 0.28737E+02   0.32918
  0.90781831E+08   4.99120   3.38695   3.63925   1.25963  -1.35587  -1.73742  -2.01658 0.28784E+02   0.32902
  0.90797487E+08   4.99115   3.38661   3.63942   1.26062  -1.35633  -1.73779  -2.01690 0.28804E+02   0.32890
  0.90816274E+08   4.99109   3.38609   3.63940   1.26107  -1.35699  -1.73839  -2.01748 0.28850E+02   0.32873
  0.90838819E+08   4.99101   3.38562   3.63961   1.26238  -1.35763  -1.73891  -2.01794 0.28877E+02   0.32855
  0.90858272E+08   4.99095   3.38509   3.63951   1.26252  -1.35834  -1.73957  -2.01858 0.28933E+02   0.32838
  0.90876641E+08   4.99088   3.38472   3.63967   1.26352  -1.35886  -1.74000  -2.01896 0.28957E+02   0.32823
  0.90894625E+08   4.99082   3.38424   3.63961   1.26375  -1.35950  -1.74059  -2.01954 0.29004E+02   0.32807
  0.90916206E+08   4.99075   3.38382   3.63985   1.26513  -1.36008  -1.74105  -2.01994 0.29023E+02   0.32791
  0.90942102E+08   4.99066   3.38317   3.63980   1.26555  -1.36095  -1.74184  -2.02071 0.29086E+02   0.32769
  0.90963808E+08   4.99059   3.38272   3.63994   1.26657  -1.36159  -1.74238  -2.02120 0.29116E+02   0.32751
  0.90983797E+08   4.99053   3.38220   3.63989   1.26689  -1.36228  -1.74302  -2.02181 0.29164E+02   0.32734
  0.91003118E+08   4.99046   3.38179   3.64006   1.26795  -1.36284  -1.74348  -2.02222 0.29187E+02   0.32719
  0.91022221E+08   4.99040   3.38127   3.64000   1.26824  -1.36351  -1.74410  -2.02283 0.29233E+02   0.32702
  0.91041256E+08   4.99033   3.38088   3.64018   1.26934  -1.36405  -1.74454  -2.02322 0.29253E+02   0.32687
  0.91060268E+08   4.99027   3.38036   3.64011   1.26957  -1.36472  -1.74516  -2.02382 0.29300E+02   0.32670
  0.91083083E+08   4.99020   3.37978   3.63993   1.26945  -1.36557  -1.74596  -2.02462 0.29368E+02   0.32649
  0.91110460E+08   4.99011   3.37932   3.64042   1.27184  -1.36620  -1.74642  -2.02497 0.29365E+02   0.32630
  0.91133575E+08   4.99003   3.37868   3.64031   1.27205  -1.36702  -1.74718  -2.02572 0.29423E+02   0.32610
  0.91154863E+08   4.98996   3.37814   3.64016   1.27196  -1.36781  -1.74793  -2.02647 0.29486E+02   0.32590
  0.91175404E+08   4.98989   3.37782   3.64061   1.27408  -1.36827  -1.74823  -2.02667 0.29474E+02   0.32576
  0.91195444E+08   4.98983   3.37722   3.64053   1.27434  -1.36899  -1.74890  -2.02733 0.29520E+02   0.32558
  0.91214994E+08   4.98976   3.37682   3.64073   1.27554  -1.36954  -1.74934  -2.02772 0.29535E+02   0.32542
  0.91238454E+08   4.98969   3.37622   3.64069   1.27600  -1.37034  -1.75007  -2.02842 0.29583E+02   0.32522
  0.91266606E+08   4.98960   3.37558   3.64067   1.27653  -1.37127  -1.75091  -2.02923 0.29640E+02   0.32498
  0.91290413E+08   4.98952   3.37508   3.64084   1.27771  -1.37197  -1.75150  -2.02977 0.29664E+02   0.32479
  0.91312563E+08   4.98945   3.37459   3.64102   1.27892  -1.37262  -1.75204  -2.03025 0.29683E+02   0.32461
  0.91333808E+08   4.98938   3.37402   3.64094   1.27915  -1.37338  -1.75275  -2.03094 0.29731E+02   0.32442
  0.91354498E+08   4.98931   3.37361   3.64115   1.28041  -1.37397  -1.75323  -2.03136 0.29744E+02   0.32426
  0.91374859E+08   4.98925   3.37308   3.64115   1.28093  -1.37466  -1.75385  -2.03196 0.29780E+02   0.32408
  0.91399292E+08   4.98917   3.37253   3.64125   1.28186  -1.37543  -1.75452  -2.03258 0.29812E+02   0.32388
  0.91428612E+08   4.98908   3.37181   3.64103   1.28172  -1.37650  -1.75553  -2.03359 0.29890E+02   0.32362
  0.91453582E+08   4.98900   3.37140   3.64143   1.28372  -1.37712  -1.75600  -2.03397 0.29886E+02   0.32344
  0.91476428E+08   4.98892   3.37079   3.64139   1.28417  -1.37791  -1.75672  -2.03466 0.29930E+02   0.32324
  0.91498209E+08   4.98885   3.37033   3.64156   1.28526  -1.37857  -1.75728  -2.03517 0.29949E+02   0.32306
  0.91519647E+08   4.98879   3.36978   3.64151   1.28564  -1.37933  -1.75797  -2.03584 0.29990E+02   0.32287
  0.91545373E+08   4.98870   3.36913   3.64133   1.28554  -1.38029  -1.75888  -2.03674 0.30056E+02   0.32263
  0.91576245E+08   4.98861   3.36862   3.64183   1.28806  -1.38106  -1.75946  -2.03721 0.30046E+02   0.32241
  0.91601925E+08   4.98853   3.36797   3.64182   1.28865  -1.38196  -1.76028  -2.03801 0.30088E+02   0.32218
  0.91625182E+08   4.98845   3.36748   3.64198   1.28980  -1.38266  -1.76087  -2.03853 0.30108E+02   0.32199
  0.91647645E+08   4.98838   3.36688   3.64188   1.28998  -1.38349  -1.76164  -2.03928 0.30156E+02   0.32179
  0.91669874E+08   4.98831   3.36646   3.64213   1.29138  -1.38413  -1.76216  -2.03974 0.30163E+02   0.32161
  0.91696549E+08   4.98823   3.36578   3.64206   1.29179  -1.38507  -1.76303  -2.04058 0.30212E+02   0.32137
  0.91728558E+08   4.98813   3.36512   3.64216   1.29284  -1.38610  -1.76393  -2.04143 0.30249E+02   0.32111
  0.91755403E+08   4.98805   3.36445   3.64196   1.29270  -1.38710  -1.76488  -2.04238 0.30316E+02   0.32086
  0.91779776E+08   4.98797   3.36407   3.64241   1.29488  -1.38774  -1.76535  -2.04274 0.30300E+02   0.32067
  0.91803200E+08   4.98790   3.36342   3.64235   1.29529  -1.38860  -1.76614  -2.04351 0.30341E+02   0.32046
  0.91826481E+08   4.98783   3.36291   3.64245   1.29617  -1.38937  -1.76682  -2.04414 0.30365E+02   0.32026
  0.91849697E+08   4.98776   3.36241   3.64265   1.29746  -1.39009  -1.76742  -2.04469 0.30374E+02   0.32006
  0.91877556E+08   4.98767   3.36174   3.64263   1.29807  -1.39107  -1.76831  -2.04553 0.30416E+02   0.31981
  0.91910986E+08   4.98757   3.36104   3.64270   1.29902  -1.39217  -1.76929  -2.04646 0.30457E+02   0.31953
  0.91939166E+08   4.98748   3.36043   3.64278   1.29994  -1.39312  -1.77013  -2.04725 0.30488E+02   0.31929
  0.91964925E+08   4.98740   3.35991   3.64301   1.30140  -1.39392  -1.77080  -2.04785 0.30496E+02   0.31907
  0.91989855E+08   4.98733   3.35925   3.64290   1.30157  -1.39487  -1.77168  -2.04872 0.30546E+02   0.31883
  0.92014522E+08   4.98725   3.35880   3.64318   1.30317  -1.39562  -1.77230  -2.04925 0.30546E+02   0.31863
  0.92044123E+08   4.98716   3.35805   3.64308   1.30352  -1.39672  -1.77331  -2.05024 0.30598E+02   0.31835
  0.92079644E+08   4.98706   3.35731   3.64310   1.30431  -1.39795  -1.77442  -2.05130 0.30645E+02   0.31804
  0.92109225E+08   4.98697   3.35672   3.64331   1.30572  -1.39891  -1.77525  -2.05206 0.30661E+02   0.31778
  0.92136177E+08   4.98689   3.35609   3.64334   1.30648  -1.39987  -1.77611  -2.05287 0.30693E+02   0.31754
  0.92162104E+08   4.98681   3.35558   3.64363   1.30814  -1.40069  -1.77679  -2.05347 0.30692E+02   0.31732
  0.92187765E+08   4.98673   3.35492   3.64357   1.30854  -1.40168  -1.77769  -2.05435 0.30732E+02   0.31707
  0.92218558E+08   4.98664   3.35419   3.64337   1.30849  -1.40288  -1.77882  -2.05547 0.30797E+02   0.31678
  0.92255510E+08   4.98653   3.35346   3.64348   1.30963  -1.40414  -1.77994  -2.05652 0.30833E+02   0.31645
  0.92286345E+08   4.98644   3.35292   3.64396   1.31208  -1.40507  -1.78067  -2.05713 0.30811E+02   0.31619
  0.92314759E+08   4.98636   3.35222   3.64398   1.31285  -1.40615  -1.78165  -2.05808 0.30843E+02   0.31592
  0.92341934E+08   4.98628   3.35165   3.64414   1.31408  -1.40709  -1.78246  -2.05882 0.30857E+02   0.31567
  0.92374545E+08   4.98618   3.35090   3.64416   1.31488  -1.40830  -1.78356  -2.05986 0.30895E+02   0.31536
  0.92413678E+08   4.98607   3.35010   3.64423   1.31596  -1.40970  -1.78481  -2.06105 0.30934E+02   0.31501
  0.92446404E+08   4.98597   3.34939   3.64422   1.31662  -1.41093  -1.78592  -2.06211 0.30976E+02   0.31470
  0.92476146E+08   4.98588   3.34879   3.64443   1.31804  -1.41198  -1.78683  -2.06295 0.30986E+02   0.31442
  0.92504458E+08   4.98580   3.34819   3.64463   1.31945  -1.41300  -1.78771  -2.06375 0.30993E+02   0.31415
  0.92532472E+08   4.98572   3.34750   3.64457   1.31986  -1.41413  -1.78875  -2.06475 0.31033E+02   0.31387
  0.92566087E+08   4.98562   3.34681   3.64469   1.32104  -1.41537  -1.78985  -2.06579 0.31057E+02   0.31355
  0.92606426E+08   4.98551   3.34596   3.64470   1.32191  -1.41689  -1.79122  -2.06710 0.31103E+02   0.31317
  0.92640412E+08   4.98541   3.34531   3.64493   1.32350  -1.41812  -1.79230  -2.06809 0.31113E+02   0.31285
  0.92671530E+08   4.98532   3.34461   3.64498   1.32436  -1.41936  -1.79340  -2.06914 0.31142E+02   0.31254
  0.92701253E+08   4.98524   3.34398   3.64511   1.32551  -1.42049  -1.79441  -2.07008 0.31159E+02   0.31224
  0.92730579E+08   4.98515   3.34339   3.64535   1.32706  -1.42159  -1.79535  -2.07094 0.31161E+02   0.31196
  0.92765769E+08   4.98505   3.34258   3.64529   1.32762  -1.42302  -1.79666  -2.07220 0.31207E+02   0.31160
  0.92807997E+08   4.98493   3.34174   3.64532   1.32856  -1.42467  -1.79815  -2.07362 0.31248E+02   0.31119
  0.92843667E+08   4.98483   3.34108   3.64557   1.33023  -1.42601  -1.79932  -2.07470 0.31255E+02   0.31084
  0.92876538E+08   4.98474   3.34037   3.64564   1.33120  -1.42734  -1.80051  -2.07582 0.31282E+02   0.31050
  0.92908147E+08   4.98465   3.33977   3.64590   1.33283  -1.42856  -1.80156  -2.07678 0.31283E+02   0.31018
  0.92939280E+08   4.98456   3.33903   3.64580   1.33318  -1.42992  -1.80282  -2.07800 0.31326E+02   0.30985
  0.92976641E+08   4.98446   3.33832   3.64596   1.33452  -1.43140  -1.80414  -2.07924 0.31345E+02   0.30947
  0.93021473E+08   4.98434   3.33742   3.64597   1.33543  -1.43323  -1.80579  -2.08082 0.31390E+02   0.30900
  0.93058861E+08   4.98423   3.33670   3.64607   1.33654  -1.43476  -1.80716  -2.08211 0.31417E+02   0.30862
  0.93092894E+08   4.98414   3.33607   3.64632   1.33818  -1.43616  -1.80838  -2.08323 0.31419E+02   0.30826
  0.93125563E+08   4.98405   3.33537   3.64639   1.33914  -1.43757  -1.80965  -2.08443 0.31443E+02   0.30790
  0.93157956E+08   4.98396   3.33477   3.64666   1.34083  -1.43891  -1.81081  -2.08549 0.31441E+02   0.30755
  0.93190274E+08   4.98387   3.33402   3.64655   1.34111  -1.44040  -1.81219  -2.08683 0.31485E+02   0.30719
  0.93229056E+08   4.98376   3.33332   3.64673   1.34254  -1.44203  -1.81365  -2.08819 0.31501E+02   0.30677
  0.93275594E+08   4.98364   3.33242   3.64674   1.34346  -1.44404  -1.81547  -2.08993 0.31544E+02   0.30627
  0.93314728E+08   4.98353   3.33170   3.64684   1.34459  -1.44575  -1.81700  -2.09138 0.31571E+02   0.30584
  0.93350423E+08   4.98343   3.33106   3.64711   1.34626  -1.44731  -1.81838  -2.09265 0.31573E+02   0.30545
  0.93384725E+08   4.98334   3.33041   3.64732   1.34777  -1.44885  -1.81973  -2.09390 0.31577E+02   0.30505
  0.93418829E+08   4.98325   3.32968   3.64728   1.34832  -1.45047  -1.82122  -2.09534 0.31614E+02   0.30465
  0.93452906E+08   4.98316   3.32903   3.64732   1.34911  -1.45206  -1.82267  -2.09672 0.31642E+02   0.30426
  0.93493797E+08   4.98305   3.32828   3.64742   1.35028  -1.45396  -1.82438  -2.09833 0.31667E+02   0.30378
  0.93542867E+08   4.98292   3.32745   3.64768   1.35214  -1.45616  -1.82633  -2.10016 0.31679E+02   0.30323
  0.93584186E+08   4.98281   3.32672   3.64783   1.35344  -1.45810  -1.82807  -2.10179 0.31700E+02   0.30274
  0.93622201E+08   4.98271   3.32602   3.64793   1.35454  -1.45994  -1.82974  -2.10336 0.31722E+02   0.30228
  0.93658880E+08   4.98261   3.32541   3.64822   1.35631  -1.46169  -1.83127  -2.10478 0.31719E+02   0.30184
  0.93695046E+08   4.98251   3.32467   3.64818   1.35687  -1.46354  -1.83298  -2.10642 0.31757E+02   0.30138
  0.93731051E+08   4.98242   3.32409   3.64841   1.35836  -1.46533  -1.83456  -2.10789 0.31762E+02   0.30093
  0.93774256E+08   4.98231   3.32330   3.64847   1.35938  -1.46751  -1.83655  -2.10978 0.31793E+02   0.30039
  0.93826103E+08   4.98217   3.32244   3.64858   1.36066  -1.47008  -1.83887  -2.11199 0.31826E+02   0.29976
  0.93869860E+08   4.98206   3.32174   3.64871   1.36187  -1.47232  -1.84089  -2.11389 0.31850E+02   0.29920
  0.93909850E+08   4.98195   3.32106   3.64881   1.36297  -1.47442  -1.84280  -2.11570 0.31873E+02   0.29869
  0.93948108E+08   4.98186   3.32043   3.64896   1.36417  -1.47646  -1.84464  -2.11743 0.31889E+02   0.29818
  0.93985901E+08   4.98176   3.31985   3.64924   1.36587  -1.47849  -1.84644  -2.11910 0.31889E+02   0.29767
  0.94031253E+08   4.98164   3.31908   3.64935   1.36708  -1.48097  -1.84869  -2.12123 0.31914E+02   0.29706
  0.94085675E+08   4.98150   3.31816   3.64915   1.36716  -1.48394  -1.85145  -2.12391 0.31991E+02   0.29634
  0.94131518E+08   4.98138   3.31764   3.64970   1.36988  -1.48639  -1.85359  -2.12586 0.31964E+02   0.29572
  0.94173675E+08   4.98128   3.31688   3.64964   1.37039  -1.48887  -1.85588  -2.12805 0.32009E+02   0.29512
  0.94214257E+08   4.98117   3.31626   3.64968   1.37118  -1.49122  -1.85802  -2.13009 0.32042E+02   0.29455
  0.94254139E+08   4.98107   3.31572   3.64994   1.37273  -1.49357  -1.86013  -2.13207 0.32047E+02   0.29397
  0.94301998E+08   4.98095   3.31501   3.65009   1.37405  -1.49640  -1.86271  -2.13451 0.32072E+02   0.29328
  0.94359428E+08   4.98081   3.31424   3.65029   1.37557  -1.49976  -1.86576  -2.13739 0.32100E+02   0.29246
  0.94407558E+08   4.98069   3.31360   3.65042   1.37676  -1.50268  -1.86842  -2.13990 0.32129E+02   0.29175
  0.94451792E+08   4.98058   3.31306   3.65074   1.37854  -1.50545  -1.87090  -2.14222 0.32131E+02   0.29106
  0.94494382E+08   4.98047   3.31242   3.65075   1.37924  -1.50822  -1.87345  -2.14466 0.32169E+02   0.29040
  0.94536319E+08   4.98036   3.31192   3.65099   1.38067  -1.51095  -1.87591  -2.14697 0.32180E+02   0.28973
  0.94578003E+08   4.98026   3.31131   3.65098   1.38122  -1.51373  -1.87848  -2.14943 0.32221E+02   0.28907
  0.94628024E+08   4.98014   3.31074   3.65117   1.38256  -1.51703  -1.88148  -2.15226 0.32246E+02   0.28826
  0.94688050E+08   4.97999   3.31006   3.65137   1.38404  -1.52095  -1.88505  -2.15564 0.32279E+02   0.28732
  0.94738690E+08   4.97986   3.30946   3.65139   1.38470  -1.52441  -1.88824  -2.15869 0.32328E+02   0.28649
  0.94785326E+08   4.97975   3.30902   3.65169   1.38633  -1.52767  -1.89120  -2.16146 0.32338E+02   0.28570
  0.94830219E+08   4.97964   3.30841   3.65155   1.38635  -1.53094  -1.89424  -2.16439 0.32402E+02   0.28493
  0.94874328E+08   4.97953   3.30798   3.65169   1.38734  -1.53414  -1.89717  -2.16717 0.32431E+02   0.28417
  0.94927260E+08   4.97940   3.30761   3.65229   1.39009  -1.53801  -1.90065  -2.17039 0.32410E+02   0.28323
  0.94990777E+08   4.97925   3.30699   3.65245   1.39135  -1.54265  -1.90490  -2.17443 0.32454E+02   0.28213
  0.95043954E+08   4.97912   3.30651   3.65254   1.39216  -1.54671  -1.90864  -2.17800 0.32502E+02   0.28117
  0.95092389E+08   4.97900   3.30615   3.65277   1.39346  -1.55052  -1.91213  -2.18129 0.32524E+02   0.28027
  0.95138598E+08   4.97889   3.30574   3.65287   1.39424  -1.55433  -1.91564  -2.18464 0.32566E+02   0.27937
  0.95184198E+08   4.97878   3.30542   3.65310   1.39549  -1.55807  -1.91907  -2.18787 0.32587E+02   0.27849
  0.95238918E+08   4.97865   3.30500   3.65322   1.39636  -1.56258  -1.92324  -2.19184 0.32636E+02   0.27743
  0.95304582E+08   4.97849   3.30461   3.65342   1.39753  -1.56796  -1.92820  -2.19656 0.32686E+02   0.27617
  0.95359864E+08   4.97836   3.30428   3.65347   1.39806  -1.57265  -1.93254  -2.20069 0.32746E+02   0.27508
  0.95410629E+08   4.97824   3.30409   3.65379   1.39950  -1.57714  -1.93666  -2.20459 0.32769E+02   0.27403
  0.95459408E+08   4.97812   3.30384   3.65393   1.40032  -1.58152  -1.94071  -2.20845 0.32810E+02   0.27302
  0.95507552E+08   4.97801   3.30370   3.65425   1.40172  -1.58602  -1.94485  -2.21235 0.32831E+02   0.27197
  0.95555619E+08   4.97789   3.30347   3.65432   1.40223  -1.59054  -1.94905  -2.21636 0.32884E+02   0.27094
  0.95603691E+08   4.97778   3.30334   3.65451   1.40309  -1.59517  -1.95333  -2.22043 0.32924E+02   0.26987
  0.95661378E+08   4.97764   3.30322   3.65475   1.40419  -1.60072  -1.95846  -2.22530 0.32969E+02   0.26859
  0.95730602E+08   4.97748   3.30299   3.65465   1.40397  -1.60725  -1.96457  -2.23116 0.33075E+02   0.26711
  0.95789182E+08   4.97734   3.30304   3.65497   1.40519  -1.61305  -1.96994  -2.23625 0.33117E+02   0.26579
  0.95843057E+08   4.97721   3.30307   3.65527   1.40636  -1.61871  -1.97518  -2.24123 0.33157E+02   0.26451
  0.95894129E+08   4.97709   3.30303   3.65535   1.40673  -1.62416  -1.98026  -2.24608 0.33219E+02   0.26329
  0.95942550E+08   4.97698   3.30314   3.65567   1.40786  -1.62952  -1.98524  -2.25080 0.33253E+02   0.26208
  0.96000656E+08   4.97684   3.30316   3.65575   1.40818  -1.63595  -1.99125  -2.25654 0.33329E+02   0.26064
  0.96070383E+08   4.97667   3.30345   3.65626   1.40992  -1.64381  -1.99854  -2.26345 0.33372E+02   0.25889
  0.96130182E+08   4.97653   3.30357   3.65632   1.41001  -1.65055  -2.00484  -2.26948 0.33457E+02   0.25739
  0.96185158E+08   4.97640   3.30389   3.65668   1.41113  -1.65726  -2.01110  -2.27542 0.33505E+02   0.25591
  0.96237331E+08   4.97628   3.30402   3.65668   1.41097  -1.66370  -2.01714  -2.28121 0.33593E+02   0.25450
  0.96288049E+08   4.97616   3.30445   3.65714   1.41239  -1.67031  -2.02329  -2.28705 0.33624E+02   0.25306
  0.96337974E+08   4.97604   3.30460   3.65708   1.41197  -1.67681  -2.02942  -2.29294 0.33718E+02   0.25165
  0.96397883E+08   4.97590   3.30511   3.65749   1.41308  -1.68475  -2.03686  -2.30001 0.33777E+02   0.24993
  0.96469774E+08   4.97573   3.30570   3.65790   1.41412  -1.69418  -2.04569  -2.30843 0.33852E+02   0.24791
  0.96530489E+08   4.97559   3.30611   3.65784   1.41348  -1.70258  -2.05364  -2.31606 0.33977E+02   0.24613
  0.96585321E+08   4.97546   3.30667   3.65805   1.41374  -1.71028  -2.06088  -2.32298 0.34053E+02   0.24449
  0.96637114E+08   4.97534   3.30732   3.65845   1.41468  -1.71810  -2.06822  -2.32998 0.34112E+02   0.24284
  0.96688072E+08   4.97522   3.30788   3.65869   1.41508  -1.72606  -2.07572  -2.33715 0.34185E+02   0.24118
  0.96738500E+08   4.97510   3.30848   3.65891   1.41532  -1.73407  -2.08329  -2.34438 0.34267E+02   0.23951
  0.96799013E+08   4.97495   3.30931   3.65929   1.41599  -1.74375  -2.09242  -2.35310 0.34345E+02   0.23751
  0.96871630E+08   4.97478   3.31023   3.65950   1.41590  -1.75523  -2.10329  -2.36353 0.34479E+02   0.23516
  0.96932854E+08   4.97464   3.31119   3.65979   1.41611  -1.76545  -2.11296  -2.37278 0.34574E+02   0.23309
  0.96987910E+08   4.97451   3.31209   3.66008   1.41634  -1.77502  -2.12203  -2.38146 0.34671E+02   0.23115
  0.97039304E+08   4.97438   3.31299   3.66035   1.41653  -1.78445  -2.13098  -2.39004 0.34760E+02   0.22927
  0.97089066E+08   4.97426   3.31383   3.66051   1.41632  -1.79372  -2.13980  -2.39850 0.34864E+02   0.22744
  0.97148781E+08   4.97412   3.31499   3.66089   1.41665  -1.80510  -2.15061  -2.40886 0.34964E+02   0.22520
  0.97220440E+08   4.97395   3.31639   3.66136   1.41711  -1.81851  -2.16337  -2.42108 0.35088E+02   0.22259
  0.97279743E+08   4.97381   3.31760   3.66145   1.41625  -1.83090  -2.17522  -2.43248 0.35220E+02   0.22021
  0.97334200E+08   4.97368   3.31886   3.66190   1.41680  -1.84210  -2.18589  -2.44271 0.35313E+02   0.21808
  0.97399549E+08   4.97352   3.32032   3.66232   1.41700  -1.85557  -2.19876  -2.45506 0.35440E+02   0.21555
  0.97477968E+08   4.97333   3.32203   3.66267   1.41666  -1.87128  -2.21380  -2.46951 0.35612E+02   0.21263
  0.97572071E+08   4.97310   3.32405   3.66294   1.41569  -1.88931  -2.23109  -2.48615 0.35835E+02   0.20933
  0.97628533E+08   4.97296   3.32671   3.66369   1.41604  -1.91023  -2.25115  -2.50540 0.35873E+02   0.20557
  0.97696286E+08   4.97279   3.32853   3.66423   1.41636  -1.93000  -2.27019  -2.52373 0.36028E+02   0.20210
  0.97777591E+08   4.97259   3.33074   3.66479   1.41636  -1.95062  -2.29004  -2.54284 0.36215E+02   0.19853
  0.97875157E+08   4.97235   3.33342   3.66517   1.41519  -1.97503  -2.31368  -2.56564 0.36480E+02   0.19443
  0.97992236E+08   4.97205   3.33658   3.66598   1.41527  -2.00099  -2.33880  -2.58985 0.36729E+02   0.19016
  0.98132730E+08   4.97170   3.33991   3.66675   1.41497  -2.02667  -2.36369  -2.61384 0.37022E+02   0.18603
  0.98245126E+08   4.97141   3.34253   3.66701   1.41338  -2.04652  -2.38295  -2.63243 0.37316E+02   0.18289
  0.98380000E+08   4.97106   3.34497   3.66733   1.41218  -2.06176  -2.39774  -2.64668 0.37609E+02   0.18052
  0.98460925E+08   4.97086   3.34677   3.66760   1.41144  -2.07271  -2.40838  -2.65693 0.37800E+02   0.17883
  0.98558035E+08   4.97060   3.34835   3.66805   1.41165  -2.08010  -2.41552  -2.66377 0.37965E+02   0.17770
  0.98674567E+08   4.97030   3.34940   3.66791   1.40998  -2.08022  -2.41555  -2.66375 0.38204E+02   0.17762
  0.98744486E+08   4.97012   3.35554   3.66881   1.40742  -2.12909  -2.46330  -2.70991 0.38495E+02   0.17046
  0.98818568E+08   4.96992   3.35745   3.66966   1.40890  -2.15643  -2.49016  -2.73595 0.38658E+02   0.16670
  0.98907466E+08   4.96968   3.35740   3.66955   1.40849  -2.15548  -2.48921  -2.73502 0.38820E+02   0.16682
  0.99014143E+08   4.96940   3.35584   3.66901   1.40787  -2.12528  -2.45943  -2.70607 0.38914E+02   0.17096
  0.99142156E+08   4.96905   3.35250   3.66715   1.40376  -2.06764  -2.40287  -2.65124 0.39086E+02   0.17926
  0.99218964E+08   4.96885   3.35122   3.66628   1.40152  -2.03706  -2.37299  -2.62232 0.39191E+02   0.18388
  0.99311133E+08   4.96861   3.35666   3.66705   1.39913  -2.07010  -2.40500  -2.65313 0.39458E+02   0.17870
  0.99421737E+08   4.96831   3.35375   3.66611   1.39829  -2.03886  -2.37458  -2.62374 0.39584E+02   0.18348
  0.99510219E+08   4.96807   3.35025   3.66442   1.39498  -1.98932  -2.32645  -2.57728 0.39702E+02   0.19134
  0.99616398E+08   4.96779   3.34642   3.66235   1.39052  -1.92177  -2.26114  -2.51431 0.39831E+02   0.20273
  0.99743813E+08   4.96745   3.34376   3.66035   1.38514  -1.85124  -2.19340  -2.44910 0.40030E+02   0.21547
  0.99858611E+08   4.96742   3.34244   3.65814   1.37763  -1.79275  -2.13767  -2.39563 0.40383E+02   0.22671
  0.99961740E+08   4.96740   3.34275   3.65642   1.37043  -1.74465  -2.09208  -2.35194 0.40780E+02   0.23639
  0.10005239E+09   4.96737   3.34432   3.65507   1.36346  -1.70589  -2.05552  -2.31694 0.41214E+02   0.24447
  0.10013532E+09   4.96735   3.34678   3.65350   1.35474  -1.67233  -2.02405  -2.28690 0.41774E+02   0.25169
  0.10020965E+09   4.96733   3.35024   3.65234   1.34659  -1.64351  -1.99710  -2.26116 0.42345E+02   0.25803
  0.10027789E+09   4.96732   3.35453   3.65101   1.33699  -1.61747  -1.97288  -2.23807 0.43028E+02   0.26389
  0.10033996E+09   4.96730   3.35985   3.64986   1.32707  -1.59368  -1.95082  -2.21704 0.43775E+02   0.26933
  0.10039666E+09   4.96728   3.36620   3.64835   1.31468  -1.57128  -1.93017  -2.19741 0.44701E+02   0.27456
  0.10044912E+09   4.96727   3.37436   3.64706   1.30136  -1.54918  -1.90985  -2.17806 0.45763E+02   0.27979
  0.10049846E+09   4.96725   3.38519   3.64524   1.28325  -1.52619  -1.88881  -2.15804 0.47219E+02   0.28531
  0.10052198E+09   4.96724   3.39195   3.64425   1.27255  -1.51443  -1.87807  -2.14782 0.48125E+02   0.28817
  0.10054549E+09   4.96723   3.40170   3.64288   1.25731  -1.49955  -1.86451  -2.13491 0.49461E+02   0.29182
  0.10056901E+09   4.96722   3.41756   3.64090   1.23352  -1.48026  -1.84695  -2.11813 0.51627E+02   0.29660
  0.10059252E+09   4.96721   3.44852   3.63714   1.18752  -1.45332  -1.82250  -2.09468 0.56089E+02   0.30337
  0.10060241E+09   4.96720   3.46940   3.63468   1.15682  -1.43991  -1.81033  -2.08290 0.59493E+02   0.30680
  0.10061032E+09   4.96719   3.49523   3.63198   1.12018  -1.42687  -1.79835  -2.07112 0.63982E+02   0.31011
  0.10061665E+09   4.96719   3.52171   3.62959   1.08415  -1.41661  -1.78870  -2.06136 0.68695E+02   0.31269
  0.10062172E+09   4.96718   3.54148   3.62733   1.05531  -1.41095  -1.78335  -2.05585 0.72455E+02   0.31413
  0.10062374E+09   4.96718   3.54889   3.62674   1.04554  -1.40905  -1.78147  -2.05383 0.73730E+02   0.31459
  0.10062536E+09   4.96717   3.55336   3.62601   1.03818  -1.40826  -1.78074  -2.05308 0.74615E+02   0.31480
  0.10062666E+09   4.96717   3.55675   3.62596   1.03457  -1.40761  -1.78001  -2.05223 0.75061E+02   0.31494
  0.10062777E+09   4.96717   3.55812   3.62560   1.03176  -1.40766  -1.78008  -2.05230 0.75345E+02   0.31494
  0.10062876E+09   4.96717   3.55931   3.62572   1.03107  -1.40766  -1.77998  -2.05211 0.75388E+02   0.31492
  0.10062970E+09   4.96716   3.55921   3.62573   1.03117  -1.40805  -1.78033  -2.05244 0.75321E+02   0.31482
  0.10063060E+09   4.96716   3.55843   3.62578   1.03218  -1.40866  -1.78090  -2.05300 0.75156E+02   0.31466
  0.10063149E+09   4.96716   3.55695   3.62590   1.03413  -1.40947  -1.78166  -2.05376 0.74901E+02   0.31446
  0.10063255E+09   4.96716   3.55420   3.62612   1.03776  -1.41072  -1.78284  -2.05496 0.74495E+02   0.31414
  0.10063383E+09   4.96715   3.55010   3.62676   1.04443  -1.41230  -1.78427  -2.05637 0.73850E+02   0.31373
  0.10063537E+09   4.96715   3.54357   3.62736   1.05337  -1.41464  -1.78650  -2.05867 0.73060E+02   0.31314
  0.10063722E+09   4.96715   3.53545   3.62829   1.06518  -1.41740  -1.78909  -2.06130 0.72100E+02   0.31244
  0.10063943E+09   4.96714   3.52579   3.62921   1.07854  -1.42067  -1.79220  -2.06449 0.71080E+02   0.31162
  0.10064209E+09   4.96714   3.51571   3.63030   1.09295  -1.42408  -1.79541  -2.06776 0.70032E+02   0.31076
  0.10064528E+09   4.96713   3.50554   3.63116   1.10657  -1.42768  -1.79883  -2.07125 0.69065E+02   0.30987
  0.10064910E+09   4.96713   3.49607   3.63217   1.12009  -1.43118  -1.80209  -2.07452 0.68108E+02   0.30898
  0.10065369E+09   4.96712   3.48706   3.63334   1.13378  -1.43477  -1.80544  -2.07788 0.67137E+02   0.30808
  0.10065920E+09   4.96712   3.47810   3.63406   1.14562  -1.43833  -1.80874  -2.08116 0.66320E+02   0.30718
  0.10066581E+09   4.96711   3.47037   3.63478   1.15622  -1.44129  -1.81150  -2.08393 0.65611E+02   0.30644
  0.10066978E+09   4.96711   3.46682   3.63528   1.16179  -1.44242  -1.81253  -2.08494 0.65239E+02   0.30616
  0.10067374E+09   4.96711   3.46413   3.63560   1.16573  -1.44300  -1.81308  -2.08552 0.64987E+02   0.30601
  0.10067771E+09   4.96710   3.46233   3.63561   1.16759  -1.44309  -1.81323  -2.08573 0.64880E+02   0.30600
  0.10068168E+09   4.96710   3.46166   3.63558   1.16812  -1.44257  -1.81280  -2.08536 0.64868E+02   0.30615
  0.10068644E+09   4.96709   3.46222   3.63551   1.16731  -1.44120  -1.81157  -2.08419 0.64952E+02   0.30650
  0.10069215E+09   4.96709   3.46436   3.63516   1.16375  -1.43885  -1.80947  -2.08221 0.65239E+02   0.30711
  0.10069900E+09   4.96708   3.46904   3.63472   1.15730  -1.43514  -1.80609  -2.07893 0.65746E+02   0.30805
  0.10070723E+09   4.96708   3.47681   3.63408   1.14698  -1.43003  -1.80140  -2.07434 0.66558E+02   0.30934
  0.10071710E+09   4.96707   3.48805   3.63278   1.13052  -1.42392  -1.79584  -2.06892 0.67880E+02   0.31091
  0.10072894E+09   4.96705   3.50313   3.63115   1.10894  -1.41705  -1.78953  -2.06268 0.69684E+02   0.31266
  0.10074315E+09   4.96704   3.52149   3.62911   1.08240  -1.41002  -1.78301  -2.05616 0.72034E+02   0.31446
  0.10075168E+09   4.96702   3.53239   3.62795   1.06688  -1.40632  -1.77955  -2.05263 0.73491E+02   0.31540
  0.10076021E+09   4.96701   3.54293   3.62684   1.05192  -1.40300  -1.77640  -2.04940 0.74948E+02   0.31624
  0.10076874E+09   4.96699   3.55309   3.62585   1.03776  -1.39998  -1.77351  -2.04640 0.76390E+02   0.31700
  0.10077726E+09   4.96697   3.56284   3.62482   1.02391  -1.39728  -1.77092  -2.04368 0.77858E+02   0.31768
  0.10078750E+09   4.96695   3.57408   3.62380   1.00857  -1.39426  -1.76795  -2.04052 0.79564E+02   0.31842
  0.10079978E+09   4.96692   3.58692   3.62263   0.99105  -1.39101  -1.76471  -2.03703 0.81616E+02   0.31922
  0.10081451E+09   4.96688   3.60157   3.62102   0.96997  -1.38771  -1.76143  -2.03347 0.84201E+02   0.32004
  0.10082335E+09   4.96684   3.61018   3.62017   0.95793  -1.38580  -1.75950  -2.03133 0.85761E+02   0.32051
  0.10083219E+09   4.96681   3.61856   3.61916   0.94552  -1.38413  -1.75780  -2.02947 0.87408E+02   0.32092
  0.10084104E+09   4.96678   3.62693   3.61852   0.93462  -1.38227  -1.75584  -2.02725 0.88954E+02   0.32136
  0.10084988E+09   4.96674   3.63512   3.61782   0.92359  -1.38053  -1.75399  -2.02514 0.90556E+02   0.32176
  0.10086049E+09   4.96669   3.64489   3.61679   0.90970  -1.37865  -1.75200  -2.02288 0.92610E+02   0.32221
  0.10087322E+09   4.96662   3.65667   3.61578   0.89389  -1.37629  -1.74943  -2.01990 0.95081E+02   0.32275
  0.10088850E+09   4.96653   3.67090   3.61436   0.87398  -1.37366  -1.74654  -2.01654 0.98298E+02   0.32335
  0.10090174E+09   4.96643   3.68344   3.61291   0.85561  -1.37153  -1.74419  -2.01375 0.10138E+03   0.32384
  0.10091343E+09   4.96634   3.69484   3.61181   0.83982  -1.36948  -1.74185  -2.01097 0.10418E+03   0.32429
  0.10092382E+09   4.96625   3.70523   3.61085   0.82556  -1.36760  -1.73967  -2.00835 0.10681E+03   0.32470
  0.10093273E+09   4.96616   3.71438   3.60986   0.81247  -1.36606  -1.73789  -2.00619 0.10929E+03   0.32503
  0.10094077E+09   4.96608   3.72290   3.60906   0.80071  -1.36456  -1.73611  -2.00403 0.11159E+03   0.32535
  0.10094866E+09   4.96598   3.73148   3.60814   0.78846  -1.36314  -1.73442  -2.00196 0.11404E+03   0.32565
  0.10095640E+09   4.96588   3.74012   3.60695   0.77506  -1.36191  -1.73297  -2.00017 0.11671E+03   0.32592
  0.10096259E+09   4.96580   3.74735   3.60666   0.76666  -1.36033  -1.73103  -1.99780 0.11861E+03   0.32623
  0.10097002E+09   4.96569   3.75607   3.60569   0.75403  -1.35892  -1.72930  -1.99566 0.12132E+03   0.32653
  0.10097894E+09   4.96554   3.76695   3.60429   0.73756  -1.35728  -1.72731  -1.99317 0.12490E+03   0.32687
  0.10098608E+09   4.96541   3.77598   3.60371   0.72618  -1.35541  -1.72499  -1.99031 0.12765E+03   0.32723
  0.10099185E+09   4.96529   3.78338   3.60299   0.71591  -1.35405  -1.72331  -1.98823 0.13012E+03   0.32751
  0.10099877E+09   4.96514   3.79258   3.60213   0.70325  -1.35227  -1.72112  -1.98554 0.13324E+03   0.32787
  0.10100708E+09   4.96494   3.80397   3.60090   0.68693  -1.35016  -1.71851  -1.98231 0.13735E+03   0.32829
  0.10101399E+09   4.96476   3.81370   3.60007   0.67383  -1.34810  -1.71600  -1.97923 0.14086E+03   0.32871
  0.10102020E+09   4.96458   3.82265   3.59920   0.66143  -1.34625  -1.71373  -1.97644 0.14427E+03   0.32908
  0.10102591E+09   4.96439   3.83109   3.59841   0.64977  -1.34443  -1.71149  -1.97368 0.14758E+03   0.32944
  0.10103060E+09   4.96423   3.83815   3.59768   0.63979  -1.34297  -1.70968  -1.97146 0.15047E+03   0.32974
  0.10103624E+09   4.96401   3.84687   3.59684   0.62770  -1.34116  -1.70740  -1.96864 0.15411E+03   0.33009
  0.10104299E+09   4.96374   3.85753   3.59584   0.61300  -1.33888  -1.70452  -1.96505 0.15869E+03   0.33053
  0.10104840E+09   4.96349   3.86616   3.59502   0.60107  -1.33696  -1.70213  -1.96211 0.16258E+03   0.33091
  0.10105272E+09   4.96327   3.87319   3.59429   0.59110  -1.33543  -1.70020  -1.95972 0.16590E+03   0.33121
  0.10105692E+09   4.96304   3.88016   3.59369   0.58173  -1.33382  -1.69814  -1.95717 0.16918E+03   0.33151
  0.10106028E+09   4.96285   3.88571   3.59270   0.57219  -1.33293  -1.69702  -1.95577 0.17230E+03   0.33169
  0.10106296E+09   4.96269   3.89041   3.59262   0.56717  -1.33148  -1.69519  -1.95352 0.17434E+03   0.33196
  0.10106619E+09   4.96248   3.89598   3.59216   0.55974  -1.33020  -1.69353  -1.95145 0.17714E+03   0.33220
  0.10107006E+09   4.96222   3.90279   3.59147   0.55014  -1.32875  -1.69163  -1.94907 0.18074E+03   0.33247
  0.10107315E+09   4.96199   3.90821   3.59053   0.54092  -1.32782  -1.69043  -1.94756 0.18404E+03   0.33265
  0.10107563E+09   4.96180   3.91280   3.59049   0.53618  -1.32635  -1.68854  -1.94523 0.18620E+03   0.33291
  0.10107860E+09   4.96156   3.91810   3.58955   0.52711  -1.32552  -1.68744  -1.94383 0.18959E+03   0.33307
  0.10108216E+09   4.96126   3.92480   3.58915   0.51876  -1.32375  -1.68512  -1.94094 0.19322E+03   0.33338
  0.10108501E+09   4.96100   3.93011   3.58882   0.51210  -1.32230  -1.68325  -1.93863 0.19622E+03   0.33365
  0.10108844E+09   4.96067   3.93659   3.58822   0.50322  -1.32075  -1.68120  -1.93607 0.20014E+03   0.33393
  0.10109254E+09   4.96025   3.94448   3.58746   0.49224  -1.31887  -1.67871  -1.93295 0.20509E+03   0.33426
  0.10109583E+09   4.95989   3.95083   3.58683   0.48334  -1.31732  -1.67668  -1.93043 0.20926E+03   0.33454
  0.10109846E+09   4.95958   3.95597   3.58636   0.47627  -1.31595  -1.67489  -1.92822 0.21269E+03   0.33479
  0.10110060E+09   4.95931   3.96020   3.58594   0.47035  -1.31486  -1.67346  -1.92644 0.21561E+03   0.33499
  0.10110231E+09   4.95909   3.96350   3.58512   0.46375  -1.31442  -1.67287  -1.92568 0.21846E+03   0.33508
  0.10110368E+09   4.95890   3.96648   3.58522   0.46116  -1.31329  -1.67139  -1.92387 0.22011E+03   0.33527
  0.10110532E+09   4.95867   3.96980   3.58500   0.45695  -1.31237  -1.67018  -1.92236 0.22240E+03   0.33543
  0.10110729E+09   4.95839   3.97387   3.58460   0.45123  -1.31134  -1.66881  -1.92065 0.22539E+03   0.33561
  0.10110966E+09   4.95804   3.97879   3.58364   0.44246  -1.31051  -1.66766  -1.91919 0.22956E+03   0.33576
  0.10111155E+09   4.95774   3.98292   3.58358   0.43804  -1.30908  -1.66579  -1.91688 0.23230E+03   0.33601
  0.10111382E+09   4.95737   3.98778   3.58323   0.43177  -1.30770  -1.66396  -1.91462 0.23593E+03   0.33624
  0.10111655E+09   4.95690   3.99368   3.58265   0.42349  -1.30615  -1.66187  -1.91202 0.24064E+03   0.33651
  0.10111873E+09   4.95650   3.99835   3.58172   0.41509  -1.30529  -1.66071  -1.91055 0.24503E+03   0.33666
  0.10112047E+09   4.95616   4.00229   3.58168   0.41094  -1.30384  -1.65882  -1.90823 0.24791E+03   0.33692
  0.10112256E+09   4.95574   4.00694   3.58134   0.40491  -1.30248  -1.65701  -1.90599 0.25176E+03   0.33715
  0.10112508E+09   4.95522   4.01259   3.58079   0.39702  -1.30090  -1.65490  -1.90337 0.25672E+03   0.33742
  0.10112709E+09   4.95477   4.01713   3.58035   0.39068  -1.29960  -1.65317  -1.90124 0.26083E+03   0.33765
  0.10112869E+09   4.95440   4.02079   3.57999   0.38552  -1.29853  -1.65176  -1.89949 0.26423E+03   0.33784
  0.10112998E+09   4.95409   4.02373   3.57971   0.38146  -1.29764  -1.65059  -1.89806 0.26700E+03   0.33799
  0.10113107E+09   4.95382   4.02626   3.57946   0.37787  -1.29689  -1.64960  -1.89684 0.26943E+03   0.33812
  0.10113199E+09   4.95359   4.02822   3.57876   0.37309  -1.29675  -1.64940  -1.89657 0.27206E+03   0.33815
  0.10113308E+09   4.95330   4.03107   3.57886   0.37063  -1.29557  -1.64784  -1.89466 0.27422E+03   0.33835
  0.10113440E+09   4.95295   4.03407   3.57821   0.36502  -1.29503  -1.64709  -1.89372 0.27772E+03   0.33844
  0.10113598E+09   4.95251   4.03802   3.57812   0.36066  -1.29355  -1.64514  -1.89133 0.28124E+03   0.33869
  0.10113787E+09   4.95196   4.04264   3.57783   0.35483  -1.29204  -1.64313  -1.88886 0.28577E+03   0.33895
  0.10114015E+09   4.95128   4.04824   3.57727   0.34694  -1.29034  -1.64087  -1.88607 0.29168E+03   0.33925
  0.10114197E+09   4.95070   4.05264   3.57635   0.33880  -1.28938  -1.63958  -1.88448 0.29720E+03   0.33941
  0.10114342E+09   4.95021   4.05636   3.57630   0.33485  -1.28785  -1.63759  -1.88206 0.30086E+03   0.33968
  0.10114464E+09   4.94979   4.05924   3.57572   0.32960  -1.28719  -1.63672  -1.88099 0.30467E+03   0.33980
  0.10114609E+09   4.94927   4.06302   3.57558   0.32521  -1.28574  -1.63483  -1.87868 0.30867E+03   0.34005
  0.10114784E+09   4.94862   4.06749   3.57529   0.31954  -1.28416  -1.63275  -1.87614 0.31374E+03   0.34032
  0.10114936E+09   4.94803   4.07138   3.57497   0.31430  -1.28280  -1.63097  -1.87399 0.31841E+03   0.34056
  0.10115069E+09   4.94750   4.07477   3.57465   0.30959  -1.28163  -1.62945  -1.87215 0.32263E+03   0.34077
  0.10115179E+09   4.94704   4.07760   3.57437   0.30559  -1.28064  -1.62817  -1.87060 0.32625E+03   0.34095
  0.10115271E+09   4.94664   4.07985   3.57363   0.30035  -1.28029  -1.62772  -1.87004 0.33006E+03   0.34101
  0.10115382E+09   4.94615   4.08298   3.57368   0.29736  -1.27882  -1.62582  -1.86775 0.33347E+03   0.34127
  0.10115515E+09   4.94554   4.08654   3.57344   0.29281  -1.27749  -1.62409  -1.86566 0.33801E+03   0.34151
  0.10115675E+09   4.94479   4.09084   3.57303   0.28681  -1.27593  -1.62208  -1.86323 0.34384E+03   0.34179
  0.10115803E+09   4.94416   4.09423   3.57271   0.28208  -1.27464  -1.62044  -1.86127 0.34860E+03   0.34202
  0.10115906E+09   4.94363   4.09680   3.57193   0.27633  -1.27409  -1.61975  -1.86046 0.35330E+03   0.34213
  0.10115996E+09   4.94316   4.09940   3.57203   0.27410  -1.27271  -1.61801  -1.85837 0.35636E+03   0.34239
  0.10116104E+09   4.94258   4.10232   3.57183   0.27032  -1.27150  -1.61649  -1.85656 0.36056E+03   0.34261
  0.10116234E+09   4.94185   4.10581   3.57103   0.26358  -1.27051  -1.61525  -1.85510 0.36665E+03   0.34280
  0.10116348E+09   4.94120   4.10897   3.57102   0.26029  -1.26889  -1.61324  -1.85271 0.37100E+03   0.34311
  0.10116453E+09   4.94058   4.11171   3.57084   0.25682  -1.26758  -1.61165  -1.85085 0.37529E+03   0.34337
  0.10116553E+09   4.93996   4.11440   3.57067   0.25338  -1.26629  -1.61010  -1.84906 0.37954E+03   0.34362
  0.10116650E+09   4.93935   4.11695   3.57044   0.24985  -1.26504  -1.60862  -1.84735 0.38383E+03   0.34388
  0.10116743E+09   4.93875   4.11925   3.57018   0.24645  -1.26382  -1.60725  -1.84579 0.38802E+03   0.34415
  0.10116825E+09   4.93822   4.12111   3.57002   0.24389  -1.26266  -1.60598  -1.84438 0.39156E+03   0.34441
  0.10116897E+09   4.93773   4.12265   3.56988   0.24178  -1.26155  -1.60483  -1.84313 0.39470E+03   0.34468
  0.10116967E+09   4.93725   4.12379   3.56928   0.23818  -1.26091  -1.60434  -1.84272 0.39845E+03   0.34489
  0.10117030E+09   4.93681   4.12497   3.56939   0.23741  -1.25948  -1.60292  -1.84121 0.40075E+03   0.34525
  0.10117106E+09   4.93628   4.12676   3.56943   0.23572  -1.25767  -1.60113  -1.83930 0.40390E+03   0.34571
  0.10117197E+09   4.93563   4.12925   3.56934   0.23284  -1.25543  -1.59890  -1.83694 0.40815E+03   0.34628
  0.10117306E+09   4.93483   4.13235   3.56864   0.22684  -1.25306  -1.59670  -1.83472 0.41457E+03   0.34693
  0.10117394E+09   4.93417   4.13380   3.56867   0.22546  -1.25041  -1.59440  -1.83247 0.41816E+03   0.34769
  0.10117464E+09   4.93363   4.13444   3.56868   0.22481  -1.24803  -1.59255  -1.83081 0.42088E+03   0.34844
  0.10117549E+09   4.93297   4.13755   3.56890   0.22254  -1.24430  -1.58898  -1.82710 0.42495E+03   0.34942
  0.10117652E+09   4.93216   4.14166   3.56866   0.21740  -1.24028  -1.58515  -1.82312 0.43117E+03   0.35049
  0.10117733E+09   4.93149   4.14348   3.56864   0.21545  -1.23689  -1.58230  -1.82040 0.43518E+03   0.35149
  0.10117798E+09   4.93093   4.14429   3.56848   0.21394  -1.23413  -1.58024  -1.81861 0.43839E+03   0.35236
  0.10117877E+09   4.93027   4.14812   3.56851   0.21015  -1.23002  -1.57631  -1.81452 0.44336E+03   0.35345
  0.10117971E+09   4.92944   4.15284   3.56817   0.20400  -1.22571  -1.57215  -1.81016 0.45035E+03   0.35457
  0.10118046E+09   4.92874   4.15482   3.56770   0.20009  -1.22276  -1.56979  -1.80798 0.45552E+03   0.35546
  0.10118108E+09   4.92815   4.15619   3.56773   0.19878  -1.21983  -1.56736  -1.80568 0.45883E+03   0.35633
  0.10118182E+09   4.92744   4.16046   3.56785   0.19492  -1.21577  -1.56329  -1.80132 0.46414E+03   0.35734
  0.10118271E+09   4.92655   4.16552   3.56712   0.18687  -1.21220  -1.55970  -1.79748 0.47255E+03   0.35824
  0.10118342E+09   4.92580   4.16806   3.56686   0.18321  -1.20945  -1.55718  -1.79491 0.47790E+03   0.35899
  0.10118407E+09   4.92509   4.17093   3.56672   0.17972  -1.20672  -1.55453  -1.79213 0.48301E+03   0.35970
  0.10118470E+09   4.92439   4.17391   3.56649   0.17578  -1.20421  -1.55203  -1.78946 0.48833E+03   0.36033
  0.10118530E+09   4.92370   4.17697   3.56626   0.17175  -1.20182  -1.54958  -1.78681 0.49370E+03   0.36092
  0.10118589E+09   4.92300   4.18003   3.56603   0.16768  -1.19956  -1.54721  -1.78421 0.49912E+03   0.36146
  0.10118647E+09   4.92229   4.18313   3.56577   0.16350  -1.19740  -1.54491  -1.78167 0.50464E+03   0.36198
  0.10118704E+09   4.92158   4.18618   3.56551   0.15935  -1.19534  -1.54269  -1.77920 0.51018E+03   0.36246
  0.10118759E+09   4.92085   4.18915   3.56526   0.15529  -1.19339  -1.54054  -1.77680 0.51571E+03   0.36290
  0.10118814E+09   4.92012   4.19215   3.56498   0.15113  -1.19153  -1.53847  -1.77447 0.52135E+03   0.36332
  0.10118868E+09   4.91938   4.19509   3.56474   0.14716  -1.18970  -1.53641  -1.77215 0.52691E+03   0.36373
  0.10118921E+09   4.91862   4.19805   3.56448   0.14308  -1.18793  -1.53440  -1.76987 0.53258E+03   0.36412
  0.10118973E+09   4.91786   4.20089   3.56421   0.13911  -1.18623  -1.53245  -1.76765 0.53821E+03   0.36449
  0.10119024E+09   4.91709   4.20377   3.56395   0.13510  -1.18456  -1.53051  -1.76543 0.54390E+03   0.36485
  0.10119074E+09   4.91631   4.20660   3.56369   0.13119  -1.18294  -1.52862  -1.76327 0.54958E+03   0.36519
  0.10119123E+09   4.91552   4.20939   3.56342   0.12725  -1.18136  -1.52676  -1.76113 0.55531E+03   0.36553
  0.10119171E+09   4.91472   4.21209   3.56319   0.12352  -1.17981  -1.52495  -1.75905 0.56092E+03   0.36585
  0.10119219E+09   4.91391   4.21484   3.56291   0.11960  -1.17829  -1.52314  -1.75697 0.56670E+03   0.36617
  0.10119266E+09   4.91309   4.21750   3.56266   0.11587  -1.17680  -1.52137  -1.75493 0.57238E+03   0.36648
  0.10119312E+09   4.91227   4.22019   3.56241   0.11210  -1.17532  -1.51960  -1.75288 0.57812E+03   0.36678
  0.10119357E+09   4.91143   4.22289   3.56233   0.10900  -1.17368  -1.51761  -1.75057 0.58344E+03   0.36711
  0.10119401E+09   4.91059   4.22538   3.56179   0.10429  -1.17257  -1.51629  -1.74905 0.58987E+03   0.36734
  0.10119445E+09   4.90973   4.22808   3.56173   0.10126  -1.17091  -1.51426  -1.74669 0.59518E+03   0.36768
  0.10119488E+09   4.90887   4.23067   3.56161   0.09814  -1.16941  -1.51244  -1.74457 0.60058E+03   0.36798
  0.10119531E+09   4.90800   4.23305   3.56101   0.09327  -1.16843  -1.51126  -1.74322 0.60721E+03   0.36818
  0.10119572E+09   4.90712   4.23569   3.56095   0.09031  -1.16683  -1.50929  -1.74092 0.61255E+03   0.36849
  0.10119613E+09   4.90624   4.23815   3.56083   0.08730  -1.16539  -1.50753  -1.73887 0.61793E+03   0.36878
  0.10119653E+09   4.90534   4.24050   3.56031   0.08276  -1.16435  -1.50627  -1.73741 0.62443E+03   0.36899
  0.10119693E+09   4.90444   4.24301   3.56023   0.07989  -1.16285  -1.50441  -1.73524 0.62976E+03   0.36928
  0.10119732E+09   4.90353   4.24545   3.56009   0.07680  -1.16146  -1.50270  -1.73325 0.63526E+03   0.36956
  0.10119771E+09   4.90260   4.24770   3.55961   0.07252  -1.16045  -1.50145  -1.73181 0.64166E+03   0.36976
  0.10119808E+09   4.90167   4.25014   3.55952   0.06966  -1.15900  -1.49965  -1.72970 0.64704E+03   0.37004
  0.10119846E+09   4.90073   4.25251   3.55938   0.06664  -1.15765  -1.49797  -1.72774 0.65252E+03   0.37030
  0.10119883E+09   4.89979   4.25479   3.55920   0.06357  -1.15638  -1.49640  -1.72591 0.65809E+03   0.37055
  0.10119919E+09   4.89883   4.25696   3.55864   0.05906  -1.15547  -1.49527  -1.72461 0.66478E+03   0.37073
  0.10119955E+09   4.89787   4.25932   3.55855   0.05624  -1.15406  -1.49351  -1.72255 0.67016E+03   0.37100
  0.10119990E+09   4.89689   4.26155   3.55842   0.05341  -1.15278  -1.49191  -1.72068 0.67560E+03   0.37125
  0.10120024E+09   4.89591   4.26378   3.55826   0.05045  -1.15152  -1.49034  -1.71884 0.68115E+03   0.37149
  0.10120058E+09   4.89492   4.26594   3.55808   0.04751  -1.15030  -1.48882  -1.71707 0.68671E+03   0.37173
  0.10120092E+09   4.89392   4.26799   3.55748   0.04297  -1.14946  -1.48777  -1.71587 0.69355E+03   0.37189
  0.10120125E+09   4.89292   4.27025   3.55739   0.04025  -1.14813  -1.48611  -1.71392 0.69896E+03   0.37214
  0.10120158E+09   4.89190   4.27238   3.55727   0.03755  -1.14690  -1.48456  -1.71211 0.70438E+03   0.37238
  0.10120190E+09   4.89088   4.27443   3.55713   0.03485  -1.14572  -1.48308  -1.71039 0.70980E+03   0.37260
  0.10120222E+09   4.88985   4.27652   3.55697   0.03201  -1.14453  -1.48159  -1.70864 0.71536E+03   0.37283
  0.10120254E+09   4.88881   4.27848   3.55640   0.02770  -1.14374  -1.48059  -1.70749 0.72214E+03   0.37298
  0.10120285E+09   4.88776   4.28064   3.55629   0.02500  -1.14243  -1.47894  -1.70557 0.72762E+03   0.37322
  0.10120315E+09   4.88670   4.28262   3.55618   0.02249  -1.14127  -1.47748  -1.70386 0.73295E+03   0.37345
  0.10120345E+09   4.88563   4.28459   3.55604   0.01987  -1.14012  -1.47604  -1.70218 0.73838E+03   0.37366
  0.10120375E+09   4.88456   4.28655   3.55586   0.01709  -1.13900  -1.47463  -1.70053 0.74397E+03   0.37388
  0.10120405E+09   4.88347   4.28850   3.55569   0.01434  -1.13790  -1.47324  -1.69892 0.74954E+03   0.37408
  0.10120434E+09   4.88238   4.29047   3.55550   0.01152  -1.13679  -1.47184  -1.69729 0.75519E+03   0.37429
  0.10120462E+09   4.88128   4.29236   3.55534   0.00889  -1.13570  -1.47047  -1.69569 0.76069E+03   0.37450
  0.10120491E+09   4.88017   4.29411   3.55474   0.00465  -1.13502  -1.46961  -1.69471 0.76761E+03   0.37463
  0.10120519E+09   4.87906   4.29612   3.55462   0.00209  -1.13380  -1.46806  -1.69290 0.77309E+03   0.37486
