#     AGE           MASS      LOGL     LOGTEFF    LOG G     LOGK2     LOGK3     LOGK4      APOT        BETA
  0.17831831E+07   4.99995   2.74034   4.24932   4.34729  -2.07310  -2.76096  -3.24413 0.16322E+01   0.24778
  0.20257479E+07   4.99995   2.74046   4.24885   4.34527  -2.07391  -2.76168  -3.24478 0.16331E+01   0.24766
  0.23168257E+07   4.99994   2.74071   4.24831   4.34288  -2.07503  -2.76271  -3.24577 0.16344E+01   0.24751
  0.26661190E+07   4.99993   2.74110   4.24773   4.34017  -2.07632  -2.76386  -3.24685 0.16359E+01   0.24732
  0.30852710E+07   4.99992   2.74165   4.24710   4.33708  -2.07786  -2.76524  -3.24813 0.16377E+01   0.24710
  0.35882534E+07   4.99991   2.74240   4.24642   4.33360  -2.07970  -2.76687  -3.24965 0.16399E+01   0.24684
  0.41918322E+07   4.99990   2.74340   4.24568   4.32968  -2.08187  -2.76880  -3.25145 0.16424E+01   0.24653
  0.49161269E+07   4.99988   2.74468   4.24490   4.32527  -2.08444  -2.77108  -3.25358 0.16456E+01   0.24616
  0.57852804E+07   4.99986   2.74631   4.24407   4.32031  -2.08747  -2.77377  -3.25609 0.16492E+01   0.24573
  0.68282647E+07   4.99984   2.74838   4.24320   4.31473  -2.09104  -2.77694  -3.25905 0.16535E+01   0.24522
  0.80798458E+07   4.99981   2.75097   4.24226   4.30841  -2.09528  -2.78070  -3.26257 0.16587E+01   0.24462
  0.95817432E+07   4.99977   2.75422   4.24128   4.30123  -2.10032  -2.78516  -3.26675 0.16649E+01   0.24389
  0.11384020E+08   4.99973   2.75824   4.24023   4.29299  -2.10633  -2.79048  -3.27174 0.16724E+01   0.24304
  0.13546752E+08   4.99968   2.76325   4.23910   4.28346  -2.11354  -2.79685  -3.27772 0.16816E+01   0.24200
  0.16142031E+08   4.99962   2.76947   4.23786   4.27229  -2.12225  -2.80453  -3.28494 0.16928E+01   0.24075
  0.19256365E+08   4.99954   2.77720   4.23648   4.25904  -2.13285  -2.81385  -3.29372 0.17068E+01   0.23923
  0.22993566E+08   4.99944   2.78685   4.23490   4.24304  -2.14585  -2.82528  -3.30449 0.17243E+01   0.23737
  0.27478208E+08   4.99931   2.79894   4.23300   4.22336  -2.16198  -2.83943  -3.31785 0.17466E+01   0.23505
  0.32859778E+08   4.99916   2.81415   4.23064   4.19867  -2.18219  -2.85711  -3.33459 0.17756E+01   0.23216
  0.39317661E+08   4.99896   2.83334   4.22753   4.16704  -2.20777  -2.87945  -3.35578 0.18140E+01   0.22849
  0.47067122E+08   4.99870   2.85790   4.22316   4.12496  -2.24087  -2.90831  -3.38329 0.18669E+01   0.22373
  0.53529672E+08   4.99846   2.87967   4.21867   4.08521  -2.27084  -2.93442  -3.40829 0.19183E+01   0.21942
  0.59129650E+08   4.99824   2.89967   4.21394   4.04628  -2.29877  -2.95866  -3.43151 0.19698E+01   0.21539
  0.64046590E+08   4.99802   2.91827   4.20886   4.00735  -2.32566  -2.98219  -3.45431 0.20226E+01   0.21151
  0.68375944E+08   4.99781   2.93532   4.20356   3.96906  -2.35096  -3.00442  -3.47599 0.20756E+01   0.20786
  0.72195946E+08   4.99760   2.95083   4.19811   3.93174  -2.37460  -3.02529  -3.49646 0.21286E+01   0.20444
  0.75589382E+08   4.99741   2.96506   4.19247   3.89494  -2.39693  -3.04512  -3.51603 0.21818E+01   0.20122
  0.78614210E+08   4.99722   2.97815   4.18661   3.85841  -2.41815  -3.06409  -3.53488 0.22357E+01   0.19815
  0.81306066E+08   4.99704   2.99018   4.18057   3.82219  -2.43832  -3.08224  -3.55302 0.22904E+01   0.19522
  0.83695209E+08   4.99688   3.00118   4.17439   3.78643  -2.45744  -3.09959  -3.57048 0.23453E+01   0.19246
  0.85812263E+08   4.99671   3.01122   4.16813   3.75135  -2.47552  -3.11614  -3.58722 0.24004E+01   0.18985
  0.87689551E+08   4.99656   3.02031   4.16194   3.71750  -2.49243  -3.13175  -3.60310 0.24548E+01   0.18741
  0.89365134E+08   4.99642   3.02858   4.15590   3.68505  -2.50823  -3.14646  -3.61815 0.25085E+01   0.18515
  0.90878638E+08   4.99628   3.03624   4.15004   3.65394  -2.52309  -3.16044  -3.63250 0.25616E+01   0.18302
  0.92264500E+08   4.99615   3.04349   4.14440   3.62413  -2.53723  -3.17384  -3.64631 0.26148E+01   0.18101
  0.93553180E+08   4.99602   3.05060   4.13910   3.59578  -2.55081  -3.18681  -3.65970 0.26684E+01   0.17909
  0.94776294E+08   4.99589   3.05803   4.13440   3.56956  -2.56396  -3.19947  -3.67279 0.27228E+01   0.17724
  0.95978164E+08   4.99575   3.06684   4.13116   3.54778  -2.57684  -3.21191  -3.68560 0.27789E+01   0.17545
  0.97127297E+08   4.99562   3.07967   4.13310   3.54269  -2.58787  -3.22253  -3.69632 0.28292E+01   0.17394
  0.97595425E+08   4.99556   3.08993   4.13955   3.55824  -2.59100  -3.22543  -3.69898 0.28441E+01   0.17353
  0.97814449E+08   4.99554   3.09907   4.14693   3.57860  -2.59192  -3.22619  -3.69942 0.28481E+01   0.17344
  0.97919643E+08   4.99552   3.10691   4.15327   3.59613  -2.59270  -3.22686  -3.69982 0.28510E+01   0.17337
  0.97972448E+08   4.99552   3.11315   4.15795   3.60860  -2.59374  -3.22784  -3.70060 0.28550E+01   0.17325
  0.98035814E+08   4.99551   3.12447   4.16645   3.63127  -2.59565  -3.22962  -3.70204 0.28631E+01   0.17304
  0.98073834E+08   4.99551   3.13652   4.17389   3.64900  -2.59959  -3.23337  -3.70554 0.28819E+01   0.17254
  0.98104250E+08   4.99550   3.15023   4.18084   3.66308  -2.60596  -3.23939  -3.71134 0.29202E+01   0.17167
  0.98128582E+08   4.99550   3.15432   4.18155   3.66181  -2.60981  -3.24275  -3.71469 0.29733E+01   0.17097
  0.98148048E+08   4.99550   3.14499   4.17423   3.64188  -2.60908  -3.24160  -3.71375 0.30240E+01   0.17078
  0.98163621E+08   4.99550   3.13724   4.16484   3.61207  -2.61229  -3.24442  -3.71699 0.30849E+01   0.17011
  0.98176079E+08   4.99549   3.13513   4.15652   3.58088  -2.61990  -3.25176  -3.72485 0.31536E+01   0.16895
  0.98186046E+08   4.99549   3.13653   4.14984   3.55279  -2.62907  -3.26081  -3.73440 0.32204E+01   0.16766
  0.98194671E+08   4.99549   3.13949   4.14421   3.52730  -2.63858  -3.27030  -3.74438 0.32845E+01   0.16637
  0.98202727E+08   4.99549   3.14316   4.13914   3.50333  -2.64814  -3.27991  -3.75447 0.33471E+01   0.16511
  0.98210604E+08   4.99549   3.14707   4.13436   3.48030  -2.65759  -3.28948  -3.76452 0.34087E+01   0.16388
  0.98220056E+08   4.99549   3.15165   4.12887   3.45380  -2.66853  -3.30061  -3.77621 0.34813E+01   0.16247
  0.98231399E+08   4.99549   3.15648   4.12260   3.42387  -2.68065  -3.31303  -3.78925 0.35649E+01   0.16092
  0.98241307E+08   4.99548   3.16004   4.11729   3.39908  -2.69040  -3.32307  -3.79978 0.36356E+01   0.15969
  0.98250771E+08   4.99548   3.16285   4.11235   3.37651  -2.69898  -3.33194  -3.80910 0.37008E+01   0.15861
  0.98262129E+08   4.99548   3.16552   4.10656   3.35067  -2.70843  -3.34176  -3.81939 0.37765E+01   0.15743
  0.98275757E+08   4.99548   3.16795   4.09976   3.32103  -2.71884  -3.35263  -3.83077 0.38648E+01   0.15614
  0.98287349E+08   4.99548   3.16946   4.09402   3.29656  -2.72710  -3.36128  -3.83981 0.39393E+01   0.15512
  0.98298130E+08   4.99547   3.17047   4.08869   3.27423  -2.73438  -3.36894  -3.84779 0.40079E+01   0.15424
  0.98308559E+08   4.99547   3.17111   4.08352   3.25291  -2.74113  -3.37606  -3.85517 0.40746E+01   0.15342
  0.98318818E+08   4.99547   3.17145   4.07839   3.23207  -2.74753  -3.38283  -3.86217 0.41408E+01   0.15265
  0.98328968E+08   4.99547   3.17152   4.07325   3.21144  -2.75369  -3.38935  -3.86888 0.42071E+01   0.15191
  0.98339013E+08   4.99546   3.17135   4.06809   3.19095  -2.75967  -3.39568  -3.87536 0.42742E+01   0.15120
  0.98348935E+08   4.99546   3.17097   4.06289   3.17052  -2.76547  -3.40184  -3.88163 0.43419E+01   0.15052
  0.98358709E+08   4.99546   3.17037   4.05764   3.15013  -2.77112  -3.40784  -3.88768 0.44108E+01   0.14986
  0.98368305E+08   4.99546   3.16960   4.05236   3.12980  -2.77665  -3.41369  -3.89355 0.44804E+01   0.14922
  0.98377699E+08   4.99546   3.16863   4.04705   3.10952  -2.78202  -3.41938  -3.89921 0.45508E+01   0.14860
  0.98386874E+08   4.99545   3.16749   4.04171   3.08929  -2.78727  -3.42493  -3.90466 0.46222E+01   0.14800
  0.98395809E+08   4.99545   3.16617   4.03634   3.06912  -2.79238  -3.43031  -3.90991 0.46944E+01   0.14742
  0.98404492E+08   4.99545   3.16470   4.03095   3.04903  -2.79736  -3.43555  -3.91495 0.47674E+01   0.14686
  0.98412915E+08   4.99545   3.16307   4.02554   3.02901  -2.80222  -3.44063  -3.91979 0.48414E+01   0.14631
  0.98421070E+08   4.99545   3.16131   4.02011   3.00907  -2.80698  -3.44558  -3.92444 0.49165E+01   0.14578
  0.98428955E+08   4.99544   3.15940   4.01467   2.98923  -2.81161  -3.45038  -3.92887 0.49918E+01   0.14527
  0.98436569E+08   4.99544   3.15736   4.00923   2.96948  -2.81613  -3.45503  -3.93312 0.50682E+01   0.14478
  0.98443917E+08   4.99544   3.15520   4.00378   2.94985  -2.82053  -3.45953  -3.93714 0.51452E+01   0.14430
  0.98451003E+08   4.99544   3.15291   3.99832   2.93031  -2.82480  -3.46385  -3.94093 0.52229E+01   0.14384
  0.98457833E+08   4.99543   3.15051   3.99287   2.91089  -2.82895  -3.46800  -3.94449 0.53015E+01   0.14339
  0.98464414E+08   4.99543   3.14802   3.98742   2.89159  -2.83298  -3.47197  -3.94780 0.53808E+01   0.14296
  0.98470755E+08   4.99543   3.14541   3.98197   2.87241  -2.83686  -3.47575  -3.95085 0.54607E+01   0.14254
  0.98476865E+08   4.99543   3.14271   3.97653   2.85334  -2.84060  -3.47932  -3.95362 0.55411E+01   0.14214
  0.98482753E+08   4.99543   3.13991   3.97109   2.83439  -2.84420  -3.48269  -3.95611 0.56225E+01   0.14175
  0.98488428E+08   4.99543   3.13701   3.96566   2.81556  -2.84764  -3.48582  -3.95830 0.57044E+01   0.14138
  0.98493898E+08   4.99542   3.13403   3.96023   2.79684  -2.85094  -3.48874  -3.96020 0.57868E+01   0.14102
  0.98499172E+08   4.99542   3.13096   3.95481   2.77824  -2.85408  -3.49143  -3.96179 0.58700E+01   0.14067
  0.98504259E+08   4.99542   3.12781   3.94940   2.75975  -2.85705  -3.49387  -3.96306 0.59538E+01   0.14035
  0.98509167E+08   4.99542   3.12457   3.94400   2.74137  -2.85986  -3.49606  -3.96400 0.60384E+01   0.14003
  0.98513903E+08   4.99542   3.12127   3.93860   2.72309  -2.86250  -3.49801  -3.96461 0.61234E+01   0.13973
  0.98518475E+08   4.99542   3.11790   3.93322   2.70493  -2.86499  -3.49970  -3.96490 0.62091E+01   0.13944
  0.98522892E+08   4.99541   3.11447   3.92785   2.68687  -2.86729  -3.50113  -3.96484 0.62955E+01   0.13916
  0.98527161E+08   4.99541   3.11096   3.92248   2.66891  -2.86942  -3.50228  -3.96442 0.63826E+01   0.13890
  0.98531290E+08   4.99541   3.10739   3.91712   2.65105  -2.87137  -3.50317  -3.96366 0.64706E+01   0.13865
  0.98535283E+08   4.99541   3.10376   3.91178   2.63329  -2.87313  -3.50376  -3.96252 0.65589E+01   0.13841
  0.98539148E+08   4.99541   3.10006   3.90643   2.61561  -2.87473  -3.50411  -3.96108 0.66481E+01   0.13819
  0.98542889E+08   4.99541   3.09631   3.90109   2.59801  -2.87617  -3.50421  -3.95932 0.67380E+01   0.13797
  0.98546510E+08   4.99541   3.09250   3.89576   2.58049  -2.87746  -3.50406  -3.95726 0.68289E+01   0.13776
  0.98550018E+08   4.99540   3.08864   3.89044   2.56304  -2.87859  -3.50368  -3.95490 0.69206E+01   0.13757
  0.98553415E+08   4.99540   3.08474   3.88511   2.54566  -2.87958  -3.50307  -3.95225 0.70131E+01   0.13738
  0.98556707E+08   4.99540   3.08078   3.87980   2.52836  -2.88042  -3.50223  -3.94933 0.71068E+01   0.13720
  0.98559898E+08   4.99540   3.07679   3.87449   2.51112  -2.88112  -3.50118  -3.94614 0.72013E+01   0.13703
  0.98562991E+08   4.99540   3.07276   3.86919   2.49394  -2.88167  -3.49988  -3.94266 0.72968E+01   0.13687
  0.98565991E+08   4.99540   3.06869   3.86389   2.47683  -2.88210  -3.49839  -3.93895 0.73934E+01   0.13671
  0.98568902E+08   4.99540   3.06459   3.85860   2.45976  -2.88239  -3.49669  -3.93500 0.74909E+01   0.13656
  0.98571726E+08   4.99540   3.06045   3.85332   2.44276  -2.88253  -3.49476  -3.93079 0.75896E+01   0.13641
  0.98574467E+08   4.99539   3.05629   3.84804   2.42581  -2.88256  -3.49264  -3.92633 0.76893E+01   0.13628
  0.98577129E+08   4.99539   3.05209   3.84277   2.40892  -2.88241  -3.49026  -3.92158 0.77901E+01   0.13615
  0.98579715E+08   4.99539   3.04787   3.83750   2.39208  -2.88210  -3.48765  -3.91658 0.78921E+01   0.13602
  0.98582227E+08   4.99539   3.04362   3.83224   2.37528  -2.88165  -3.48483  -3.91132 0.79954E+01   0.13590
  0.98584669E+08   4.99539   3.03935   3.82698   2.35852  -2.88107  -3.48179  -3.90583 0.80999E+01   0.13579
  0.98587043E+08   4.99539   3.03504   3.82173   2.34183  -2.88024  -3.47842  -3.89994 0.82059E+01   0.13569
  0.98589352E+08   4.99539   3.03073   3.81649   2.32518  -2.87928  -3.47483  -3.89382 0.83129E+01   0.13559
  0.98591598E+08   4.99539   3.02640   3.81126   2.30857  -2.87813  -3.47096  -3.88736 0.84211E+01   0.13550
  0.98593785E+08   4.99539   3.02204   3.80603   2.29200  -2.87676  -3.46679  -3.88057 0.85306E+01   0.13542
  0.98595914E+08   4.99539   3.01767   3.80080   2.27548  -2.87517  -3.46231  -3.87343 0.86416E+01   0.13535
  0.98597988E+08   4.99538   3.01327   3.79558   2.25901  -2.87334  -3.45749  -3.86588 0.87537E+01   0.13529
  0.98600010E+08   4.99538   3.00886   3.79037   2.24257  -2.87127  -3.45233  -3.85796 0.88672E+01   0.13525
  0.98601981E+08   4.99538   3.00443   3.78517   2.22617  -2.86894  -3.44681  -3.84962 0.89822E+01   0.13521
  0.98603902E+08   4.99538   2.99998   3.77997   2.20983  -2.86632  -3.44089  -3.84082 0.90983E+01   0.13518
  0.98605777E+08   4.99538   2.99551   3.77477   2.19353  -2.86338  -3.43452  -3.83149 0.92158E+01   0.13517
  0.98607607E+08   4.99538   2.99101   3.76959   2.17728  -2.86013  -3.42773  -3.82168 0.93348E+01   0.13517
  0.98609393E+08   4.99538   2.98650   3.76442   2.16113  -2.85638  -3.42025  -3.81103 0.94543E+01   0.13520
  0.98611139E+08   4.99538   2.98196   3.75927   2.14507  -2.85214  -3.41211  -3.79959 0.95749E+01   0.13526
  0.98612848E+08   4.99538   2.97739   3.75413   2.12909  -2.84736  -3.40321  -3.78724 0.96962E+01   0.13534
  0.98614522E+08   4.99538   2.97278   3.74902   2.11323  -2.84188  -3.39337  -3.77373 0.98178E+01   0.13546
  0.98616163E+08   4.99538   2.96813   3.74393   2.09753  -2.83555  -3.38235  -3.75879 0.99392E+01   0.13562
  0.98617776E+08   4.99538   2.96343   3.73891   2.08217  -2.82785  -3.36944  -3.74149 0.10058E+02   0.13587
  0.98619366E+08   4.99537   2.95865   3.73400   2.06730  -2.81816  -3.35378  -3.72076 0.10173E+02   0.13623
  0.98620946E+08   4.99537   2.95376   3.72934   2.05354  -2.80461  -3.33278  -3.69334 0.10274E+02   0.13683
  0.98622841E+08   4.99537   2.94770   3.72418   2.03898  -2.78139  -3.29805  -3.64863 0.10373E+02   0.13798
  0.98625116E+08   4.99537   2.94010   3.71852   2.02391  -2.74449  -3.24432  -3.58059 0.10461E+02   0.13995
  0.98627157E+08   4.99537   2.93294   3.71385   2.01240  -2.70414  -3.18717  -3.50980 0.10514E+02   0.14223
  0.98629607E+08   4.99537   2.92400   3.70904   2.00210  -2.64485  -3.10650  -3.41319 0.10533E+02   0.14586
  0.98632547E+08   4.99537   2.91309   3.70479   1.99603  -2.56164  -3.00214  -3.29641 0.10473E+02   0.15170
  0.98635308E+08   4.99537   2.90249   3.70125   1.99247  -2.48077  -2.90562  -3.19231 0.10389E+02   0.15803
  0.98638621E+08   4.99536   2.88925   3.69736   1.99015  -2.37989  -2.78881  -3.06858 0.10258E+02   0.16679
  0.98642596E+08   4.99536   2.87301   3.69281   1.98817  -2.25771  -2.65148  -2.92543 0.10085E+02   0.17874
  0.98646192E+08   4.99536   2.85904   3.68895   1.98672  -2.14920  -2.53279  -2.80343 0.99213E+01   0.19077
  0.98649665E+08   4.99536   2.84677   3.68529   1.98433  -2.04796  -2.42435  -2.69313 0.97720E+01   0.20329
  0.98653833E+08   4.99536   2.83461   3.68102   1.97941  -1.93103  -2.30156  -2.56937 0.96113E+01   0.21943
  0.98658834E+08   4.99536   2.82624   3.67581   1.96694  -1.80172  -2.16854  -2.43658 0.94881E+01   0.23953
  0.98663422E+08   4.99535   2.82795   3.67098   1.94590  -1.69893  -2.06491  -2.33413 0.94856E+01   0.25727
  0.98668927E+08   4.99535   2.84183   3.66500   1.90811  -1.59480  -1.96205  -2.23345 0.96338E+01   0.27692
  0.98672230E+08   4.99535   2.85784   3.66137   1.87757  -1.54505  -1.91383  -2.18672 0.98280E+01   0.28693
  0.98675624E+08   4.99535   2.87777   3.65767   1.84285  -1.50185  -1.87260  -2.14708 0.10083E+02   0.29598
  0.98678757E+08   4.99535   2.89896   3.65435   1.80839  -1.46917  -1.84191  -2.11781 0.10370E+02   0.30308
  0.98681621E+08   4.99535   2.91965   3.65141   1.77591  -1.44489  -1.81945  -2.09655 0.10665E+02   0.30850
  0.98684273E+08   4.99534   2.93917   3.64882   1.74606  -1.42656  -1.80272  -2.08085 0.10956E+02   0.31270
  0.98686798E+08   4.99534   2.95741   3.64654   1.71868  -1.41227  -1.78985  -2.06884 0.11239E+02   0.31603
  0.98689279E+08   4.99534   2.97450   3.64448   1.69335  -1.40079  -1.77962  -2.05935 0.11515E+02   0.31876
  0.98692256E+08   4.99534   2.99319   3.64228   1.66589  -1.38981  -1.76995  -2.05043 0.11830E+02   0.32141
  0.98695828E+08   4.99533   3.01281   3.64006   1.63736  -1.37966  -1.76112  -2.04233 0.12177E+02   0.32390
  0.98699152E+08   4.99533   3.02853   3.63821   1.61427  -1.37236  -1.75485  -2.03663 0.12475E+02   0.32573
  0.98703141E+08   4.99533   3.04449   3.63648   1.59137  -1.36548  -1.74897  -2.03128 0.12788E+02   0.32746
  0.98707927E+08   4.99532   3.06006   3.63480   1.56909  -1.35903  -1.74347  -2.02629 0.13113E+02   0.32911
  0.98713670E+08   4.99532   3.07515   3.63311   1.54720  -1.35297  -1.73837  -2.02168 0.13458E+02   0.33068
  0.98720562E+08   4.99531   3.09034   3.63142   1.52529  -1.34710  -1.73346  -2.01724 0.13831E+02   0.33221
  0.98728833E+08   4.99530   3.10624   3.62967   1.50235  -1.34134  -1.72867  -2.01293 0.14256E+02   0.33374
  0.98738758E+08   4.99528   3.12373   3.62778   1.47730  -1.33559  -1.72393  -2.00868 0.14757E+02   0.33528
  0.98750667E+08   4.99527   3.14363   3.62566   1.44893  -1.32993  -1.71931  -2.00456 0.15373E+02   0.33681
  0.98764959E+08   4.99524   3.16671   3.62315   1.41582  -1.32445  -1.71494  -2.00069 0.16153E+02   0.33833
  0.98776752E+08   4.99522   3.18570   3.62127   1.38932  -1.32058  -1.71183  -1.99791 0.16832E+02   0.33940
  0.98787099E+08   4.99521   3.20212   3.61948   1.36571  -1.31771  -1.70962  -1.99599 0.17470E+02   0.34022
  0.98796526E+08   4.99519   3.21722   3.61798   1.34465  -1.31517  -1.70763  -1.99419 0.18075E+02   0.34094
  0.98805306E+08   4.99517   3.23117   3.61655   1.32494  -1.31289  -1.70587  -1.99264 0.18667E+02   0.34159
  0.98813614E+08   4.99515   3.24440   3.61521   1.30638  -1.31069  -1.70417  -1.99113 0.19250E+02   0.34221
  0.98821560E+08   4.99513   3.25696   3.61389   1.28853  -1.30850  -1.70251  -1.98968 0.19833E+02   0.34284
  0.98829177E+08   4.99511   3.26906   3.61278   1.27198  -1.30603  -1.70056  -1.98793 0.20400E+02   0.34353
  0.98836487E+08   4.99510   3.28063   3.61174   1.25623  -1.30362  -1.69866  -1.98621 0.20960E+02   0.34420
  0.98843531E+08   4.99508   3.29175   3.61068   1.24088  -1.30142  -1.69696  -1.98469 0.21524E+02   0.34483
  0.98851985E+08   4.99505   3.30499   3.60944   1.22268  -1.29873  -1.69486  -1.98281 0.22219E+02   0.34559
  0.98862130E+08   4.99502   3.32081   3.60804   1.20127  -1.29594  -1.69267  -1.98078 0.23072E+02   0.34637
  0.98874304E+08   4.99499   3.33833   3.60634   1.17695  -1.29267  -1.69018  -1.97855 0.24063E+02   0.34730
  0.98884042E+08   4.99495   3.35057   3.60528   1.16045  -1.28982  -1.68794  -1.97651 0.24728E+02   0.34809
  0.98892584E+08   4.99492   3.35911   3.60460   1.14920  -1.28747  -1.68608  -1.97481 0.25147E+02   0.34874
  0.98902835E+08   4.99489   3.36622   3.60396   1.13952  -1.28594  -1.68491  -1.97375 0.25455E+02   0.34918
  0.98915135E+08   4.99484   3.37141   3.60362   1.13296  -1.28491  -1.68408  -1.97296 0.25633E+02   0.34946
  0.98929896E+08   4.99478   3.37487   3.60329   1.12819  -1.28460  -1.68388  -1.97279 0.25757E+02   0.34956
  0.98947608E+08   4.99472   3.37694   3.60310   1.12534  -1.28472  -1.68402  -1.97293 0.25850E+02   0.34954
  0.98968863E+08   4.99463   3.37759   3.60310   1.12469  -1.28511  -1.68435  -1.97321 0.25922E+02   0.34943
  0.98994369E+08   4.99454   3.37687   3.60321   1.12585  -1.28590  -1.68500  -1.97382 0.25990E+02   0.34922
  0.99024977E+08   4.99442   3.37498   3.60348   1.12880  -1.28682  -1.68575  -1.97450 0.26054E+02   0.34897
  0.99061705E+08   4.99428   3.37235   3.60376   1.13252  -1.28794  -1.68671  -1.97541 0.26142E+02   0.34867
  0.99105780E+08   4.99411   3.36942   3.60409   1.13677  -1.28917  -1.68774  -1.97638 0.26256E+02   0.34834
  0.99158669E+08   4.99391   3.36634   3.60443   1.14118  -1.29057  -1.68891  -1.97749 0.26402E+02   0.34797
  0.99205792E+08   4.99374   3.36413   3.60481   1.14490  -1.29169  -1.68982  -1.97831 0.26538E+02   0.34766
  0.99262339E+08   4.99353   3.36179   3.60500   1.14799  -1.29304  -1.69097  -1.97940 0.26712E+02   0.34731
  0.99330195E+08   4.99328   3.35906   3.60524   1.15167  -1.29458  -1.69230  -1.98067 0.26895E+02   0.34690
  0.99390653E+08   4.99307   3.35675   3.60550   1.15498  -1.29589  -1.69342  -1.98172 0.27062E+02   0.34655
  0.99448681E+08   4.99286   3.35478   3.60579   1.15810  -1.29700  -1.69432  -1.98254 0.27209E+02   0.34625
  0.99503351E+08   4.99267   3.35297   3.60587   1.16023  -1.29818  -1.69538  -1.98359 0.27362E+02   0.34595
  0.99568954E+08   4.99243   3.35086   3.60620   1.16364  -1.29926  -1.69625  -1.98436 0.27497E+02   0.34565
  0.99647678E+08   4.99216   3.34817   3.60649   1.16743  -1.30062  -1.69740  -1.98544 0.27651E+02   0.34529
  0.99717818E+08   4.99192   3.34552   3.60681   1.17136  -1.30177  -1.69836  -1.98633 0.27775E+02   0.34498
  0.99785140E+08   4.99169   3.34303   3.60703   1.17470  -1.30293  -1.69937  -1.98732 0.27898E+02   0.34468
  0.99844008E+08   4.99149   3.34083   3.60752   1.17885  -1.30366  -1.69989  -1.98774 0.27962E+02   0.34446
  0.99914650E+08   4.99125   3.33826   3.60771   1.18215  -1.30472  -1.70081  -1.98861 0.28070E+02   0.34418
  0.99999420E+08   4.99097   3.33509   3.60797   1.18636  -1.30595  -1.70187  -1.98963 0.28176E+02   0.34386
  0.10007495E+09   4.99073   3.33171   3.60834   1.19118  -1.30698  -1.70272  -1.99043 0.28241E+02   0.34358
  0.10014744E+09   4.99049   3.32831   3.60870   1.19600  -1.30796  -1.70354  -1.99121 0.28288E+02   0.34332
  0.10020894E+09   4.99030   3.32519   3.60896   1.20016  -1.30883  -1.70431  -1.99196 0.28324E+02   0.34309
  0.10028274E+09   4.99006   3.32166   3.60940   1.20543  -1.30966  -1.70495  -1.99253 0.28341E+02   0.34285
  0.10037129E+09   4.98979   3.31737   3.60991   1.21174  -1.31065  -1.70575  -1.99328 0.28346E+02   0.34258
  0.10044214E+09   4.98957   3.31313   3.61037   1.21781  -1.31152  -1.70647  -1.99395 0.28325E+02   0.34234
  0.10050337E+09   4.98939   3.30916   3.61067   1.22293  -1.31240  -1.70724  -1.99472 0.28308E+02   0.34211
  0.10055235E+09   4.98924   3.30583   3.61115   1.22817  -1.31290  -1.70760  -1.99502 0.28257E+02   0.34195
  0.10059154E+09   4.98913   3.30303   3.61141   1.23202  -1.31340  -1.70800  -1.99540 0.28225E+02   0.34181
  0.10062289E+09   4.98904   3.30073   3.61162   1.23514  -1.31383  -1.70836  -1.99575 0.28198E+02   0.34170
  0.10064797E+09   4.98897   3.29886   3.61186   1.23797  -1.31412  -1.70857  -1.99592 0.28165E+02   0.34161
  0.10066869E+09   4.98891   3.29727   3.61196   1.23997  -1.31444  -1.70886  -1.99622 0.28148E+02   0.34153
  0.10068777E+09   4.98886   3.29584   3.61213   1.24206  -1.31468  -1.70905  -1.99640 0.28123E+02   0.34146
  0.10070624E+09   4.98880   3.29444   3.61229   1.24408  -1.31491  -1.70923  -1.99656 0.28099E+02   0.34140
  0.10072840E+09   4.98874   3.29282   3.61251   1.24660  -1.31514  -1.70939  -1.99669 0.28065E+02   0.34132
  0.10075499E+09   4.98867   3.29087   3.61264   1.24903  -1.31553  -1.70974  -1.99704 0.28041E+02   0.34122
  0.10077752E+09   4.98861   3.28923   3.61281   1.25135  -1.31582  -1.70997  -1.99725 0.28012E+02   0.34114
  0.10079836E+09   4.98855   3.28766   3.61297   1.25355  -1.31609  -1.71019  -1.99746 0.27984E+02   0.34107
  0.10081852E+09   4.98849   3.28615   3.61319   1.25597  -1.31629  -1.71032  -1.99756 0.27948E+02   0.34100
  0.10084273E+09   4.98843   3.28430   3.61332   1.25830  -1.31666  -1.71065  -1.99788 0.27920E+02   0.34091
  0.10087177E+09   4.98835   3.28216   3.61354   1.26132  -1.31702  -1.71094  -1.99815 0.27879E+02   0.34080
  0.10089627E+09   4.98829   3.28027   3.61373   1.26398  -1.31735  -1.71120  -1.99840 0.27841E+02   0.34071
  0.10091880E+09   4.98823   3.27850   3.61392   1.26648  -1.31765  -1.71144  -1.99862 0.27804E+02   0.34063
  0.10094051E+09   4.98817   3.27677   3.61416   1.26917  -1.31789  -1.71161  -1.99876 0.27760E+02   0.34055
  0.10096198E+09   4.98811   3.27500   3.61428   1.27141  -1.31824  -1.71192  -1.99906 0.27729E+02   0.34046
  0.10098773E+09   4.98805   3.27294   3.61448   1.27429  -1.31860  -1.71220  -1.99933 0.27685E+02   0.34036
  0.10101864E+09   4.98797   3.27050   3.61477   1.27787  -1.31900  -1.71251  -1.99961 0.27627E+02   0.34025
  0.10104459E+09   4.98790   3.26836   3.61497   1.28080  -1.31939  -1.71284  -1.99991 0.27580E+02   0.34014
  0.10106853E+09   4.98784   3.26635   3.61517   1.28364  -1.31974  -1.71312  -2.00017 0.27535E+02   0.34004
  0.10109162E+09   4.98778   3.26437   3.61538   1.28641  -1.32008  -1.71339  -2.00042 0.27487E+02   0.33995
  0.10111434E+09   4.98773   3.26241   3.61559   1.28923  -1.32042  -1.71366  -2.00066 0.27439E+02   0.33985
  0.10114161E+09   4.98766   3.26008   3.61582   1.29246  -1.32085  -1.71400  -2.00098 0.27385E+02   0.33973
  0.10117433E+09   4.98758   3.25734   3.61614   1.29647  -1.32133  -1.71438  -2.00132 0.27314E+02   0.33960
  0.10120188E+09   4.98751   3.25493   3.61636   1.29976  -1.32179  -1.71475  -2.00167 0.27258E+02   0.33947
  0.10122727E+09   4.98745   3.25270   3.61664   1.30312  -1.32217  -1.71504  -2.00192 0.27196E+02   0.33936
  0.10125175E+09   4.98740   3.25047   3.61684   1.30613  -1.32261  -1.71541  -2.00226 0.27144E+02   0.33924
  0.10127593E+09   4.98734   3.24828   3.61706   1.30920  -1.32302  -1.71574  -2.00257 0.27089E+02   0.33913
  0.10130494E+09   4.98727   3.24569   3.61737   1.31301  -1.32349  -1.71610  -2.00288 0.27019E+02   0.33899
  0.10133976E+09   4.98719   3.24262   3.61767   1.31730  -1.32411  -1.71660  -2.00335 0.26941E+02   0.33882
  0.10136905E+09   4.98713   3.23995   3.61792   1.32095  -1.32467  -1.71706  -2.00377 0.26876E+02   0.33867
  0.10139609E+09   4.98706   3.23746   3.61820   1.32454  -1.32517  -1.71746  -2.00413 0.26808E+02   0.33853
  0.10142220E+09   4.98701   3.23501   3.61844   1.32796  -1.32568  -1.71787  -2.00451 0.26745E+02   0.33839
  0.10144800E+09   4.98695   3.23260   3.61873   1.33151  -1.32618  -1.71826  -2.00486 0.26677E+02   0.33825
  0.10147895E+09   4.98688   3.22971   3.61901   1.33554  -1.32680  -1.71877  -2.00532 0.26601E+02   0.33808
  0.10151610E+09   4.98680   3.22632   3.61937   1.34035  -1.32755  -1.71937  -2.00586 0.26510E+02   0.33787
  0.10154738E+09   4.98673   3.22339   3.61967   1.34446  -1.32822  -1.71992  -2.00636 0.26433E+02   0.33769
  0.10157629E+09   4.98667   3.22065   3.61997   1.34843  -1.32885  -1.72043  -2.00682 0.26357E+02   0.33751
  0.10160420E+09   4.98661   3.21796   3.62024   1.35218  -1.32950  -1.72096  -2.00731 0.26285E+02   0.33733
  0.10163180E+09   4.98656   3.21531   3.62052   1.35595  -1.33014  -1.72148  -2.00778 0.26214E+02   0.33716
  0.10166491E+09   4.98649   3.21217   3.62085   1.36041  -1.33092  -1.72211  -2.00834 0.26128E+02   0.33695
  0.10170465E+09   4.98641   3.20849   3.62127   1.36573  -1.33186  -1.72286  -2.00902 0.26024E+02   0.33669
  0.10173825E+09   4.98634   3.20531   3.62161   1.37028  -1.33271  -1.72356  -2.00966 0.25936E+02   0.33646
  0.10176933E+09   4.98628   3.20232   3.62191   1.37447  -1.33354  -1.72424  -2.01028 0.25856E+02   0.33623
  0.10179936E+09   4.98622   3.19943   3.62223   1.37863  -1.33435  -1.72490  -2.01087 0.25775E+02   0.33601
  0.10182909E+09   4.98617   3.19657   3.62255   1.38275  -1.33517  -1.72557  -2.01148 0.25696E+02   0.33579
  0.10186478E+09   4.98610   3.19319   3.62291   1.38758  -1.33619  -1.72641  -2.01224 0.25602E+02   0.33551
  0.10190761E+09   4.98602   3.18923   3.62337   1.39337  -1.33739  -1.72739  -2.01311 0.25489E+02   0.33519
  0.10194377E+09   4.98595   3.18582   3.62369   1.39805  -1.33852  -1.72834  -2.01399 0.25401E+02   0.33489
  0.10197726E+09   4.98589   3.18267   3.62405   1.40265  -1.33956  -1.72920  -2.01476 0.25313E+02   0.33460
  0.10200971E+09   4.98583   3.17960   3.62438   1.40705  -1.34063  -1.73008  -2.01557 0.25229E+02   0.33432
  0.10204184E+09   4.98578   3.17656   3.62470   1.41136  -1.34171  -1.73098  -2.01639 0.25147E+02   0.33403
  0.10208040E+09   4.98571   3.17302   3.62510   1.41649  -1.34302  -1.73207  -2.01737 0.25049E+02   0.33368
  0.10212668E+09   4.98563   3.16890   3.62563   1.42271  -1.34459  -1.73335  -2.01853 0.24930E+02   0.33326
  0.10216592E+09   4.98556   3.16534   3.62596   1.42759  -1.34607  -1.73462  -2.01970 0.24840E+02   0.33287
  0.10220227E+09   4.98550   3.16206   3.62633   1.43233  -1.34745  -1.73578  -2.02076 0.24751E+02   0.33251
  0.10223746E+09   4.98544   3.15889   3.62668   1.43690  -1.34885  -1.73695  -2.02182 0.24666E+02   0.33214
  0.10227233E+09   4.98539   3.15578   3.62703   1.44140  -1.35027  -1.73815  -2.02292 0.24583E+02   0.33176
  0.10231417E+09   4.98532   3.15216   3.62750   1.44688  -1.35197  -1.73957  -2.02420 0.24481E+02   0.33131
  0.10236438E+09   4.98524   3.14794   3.62796   1.45297  -1.35409  -1.74137  -2.02585 0.24370E+02   0.33076
  0.10240701E+09   4.98517   3.14436   3.62836   1.45814  -1.35599  -1.74299  -2.02735 0.24278E+02   0.33026
  0.10244648E+09   4.98511   3.14106   3.62874   1.46296  -1.35781  -1.74453  -2.02876 0.24192E+02   0.32979
  0.10248471E+09   4.98505   3.13789   3.62911   1.46759  -1.35963  -1.74609  -2.03019 0.24110E+02   0.32931
  0.10252265E+09   4.98499   3.13480   3.62947   1.47211  -1.36149  -1.74768  -2.03165 0.24030E+02   0.32883
  0.10256819E+09   4.98493   3.13123   3.62996   1.47765  -1.36373  -1.74959  -2.03339 0.23931E+02   0.32825
  0.10262283E+09   4.98485   3.12707   3.63044   1.48372  -1.36651  -1.75197  -2.03559 0.23827E+02   0.32753
  0.10266919E+09   4.98478   3.12358   3.63085   1.48882  -1.36899  -1.75412  -2.03757 0.23742E+02   0.32690
  0.10271226E+09   4.98472   3.12037   3.63124   1.49359  -1.37137  -1.75618  -2.03947 0.23662E+02   0.32628
  0.10275410E+09   4.98466   3.11731   3.63163   1.49823  -1.37377  -1.75824  -2.04138 0.23584E+02   0.32567
  0.10279557E+09   4.98460   3.11432   3.63200   1.50267  -1.37621  -1.76036  -2.04334 0.23512E+02   0.32505
  0.10284533E+09   4.98453   3.11090   3.63248   1.50800  -1.37917  -1.76293  -2.04571 0.23425E+02   0.32430
  0.10290505E+09   4.98445   3.10695   3.63295   1.51385  -1.38281  -1.76611  -2.04867 0.23333E+02   0.32337
  0.10295567E+09   4.98439   3.10368   3.63340   1.51890  -1.38602  -1.76892  -2.05127 0.23255E+02   0.32256
  0.10300272E+09   4.98433   3.10070   3.63383   1.52358  -1.38914  -1.77164  -2.05380 0.23182E+02   0.32177
  0.10304803E+09   4.98427   3.09790   3.63424   1.52804  -1.39222  -1.77434  -2.05630 0.23115E+02   0.32100
  0.10309220E+09   4.98421   3.09521   3.63459   1.53212  -1.39534  -1.77709  -2.05887 0.23056E+02   0.32022
  0.10313571E+09   4.98416   3.09269   3.63501   1.53630  -1.39845  -1.77982  -2.06140 0.22994E+02   0.31944
  0.10317873E+09   4.98410   3.09019   3.63532   1.54003  -1.40168  -1.78268  -2.06408 0.22943E+02   0.31863
  0.10322108E+09   4.98405   3.08788   3.63571   1.54392  -1.40483  -1.78546  -2.06666 0.22887E+02   0.31784
  0.10326295E+09   4.98400   3.08561   3.63601   1.54737  -1.40810  -1.78837  -2.06939 0.22842E+02   0.31703
  0.10330434E+09   4.98395   3.08348   3.63638   1.55099  -1.41135  -1.79124  -2.07207 0.22793E+02   0.31623
  0.10334536E+09   4.98390   3.08140   3.63668   1.55428  -1.41468  -1.79421  -2.07486 0.22751E+02   0.31541
  0.10339460E+09   4.98384   3.07903   3.63707   1.55816  -1.41871  -1.79781  -2.07823 0.22703E+02   0.31441
  0.10345368E+09   4.98377   3.07636   3.63751   1.56261  -1.42359  -1.80217  -2.08231 0.22649E+02   0.31322
  0.10350418E+09   4.98371   3.07417   3.63791   1.56638  -1.42793  -1.80606  -2.08597 0.22605E+02   0.31215
  0.10355075E+09   4.98366   3.07223   3.63831   1.56993  -1.43205  -1.80973  -2.08941 0.22563E+02   0.31114
  0.10359456E+09   4.98361   3.07041   3.63860   1.57290  -1.43608  -1.81337  -2.09284 0.22533E+02   0.31017
  0.10363712E+09   4.98356   3.06876   3.63894   1.57593  -1.44004  -1.81693  -2.09618 0.22501E+02   0.30920
  0.10367868E+09   4.98351   3.06717   3.63923   1.57866  -1.44404  -1.82054  -2.09958 0.22475E+02   0.30823
  0.10371953E+09   4.98346   3.06572   3.63957   1.58146  -1.44804  -1.82414  -2.10297 0.22447E+02   0.30727
  0.10376855E+09   4.98341   3.06401   3.63990   1.58449  -1.45289  -1.82854  -2.10713 0.22421E+02   0.30610
  0.10382737E+09   4.98334   3.06215   3.64035   1.58815  -1.45879  -1.83388  -2.11216 0.22390E+02   0.30468
  0.10387699E+09   4.98329   3.06063   3.64066   1.59091  -1.46398  -1.83861  -2.11664 0.22372E+02   0.30344
  0.10392258E+09   4.98324   3.05935   3.64102   1.59361  -1.46886  -1.84303  -2.12082 0.22351E+02   0.30227
  0.10396558E+09   4.98319   3.05817   3.64131   1.59594  -1.47362  -1.84738  -2.12493 0.22338E+02   0.30114
  0.10401719E+09   4.98314   3.05687   3.64170   1.59880  -1.47936  -1.85261  -2.12989 0.22321E+02   0.29978
  0.10407911E+09   4.98307   3.05544   3.64214   1.60201  -1.48642  -1.85907  -2.13600 0.22306E+02   0.29812
  0.10413115E+09   4.98301   3.05433   3.64249   1.60450  -1.49256  -1.86471  -2.14136 0.22298E+02   0.29668
  0.10417874E+09   4.98296   3.05342   3.64285   1.60685  -1.49837  -1.87003  -2.14641 0.22289E+02   0.29532
  0.10422408E+09   4.98292   3.05257   3.64315   1.60886  -1.50409  -1.87530  -2.15142 0.22289E+02   0.29399
  0.10426834E+09   4.98287   3.05185   3.64347   1.61089  -1.50979  -1.88054  -2.15640 0.22286E+02   0.29266
  0.10431183E+09   4.98282   3.05117   3.64375   1.61268  -1.51554  -1.88586  -2.16147 0.22289E+02   0.29133
  0.10435496E+09   4.98278   3.05056   3.64400   1.61431  -1.52141  -1.89130  -2.16666 0.22296E+02   0.28998
  0.10439765E+09   4.98274   3.05009   3.64437   1.61621  -1.52732  -1.89676  -2.17184 0.22296E+02   0.28862
  0.10443952E+09   4.98269   3.04964   3.64467   1.61786  -1.53327  -1.90227  -2.17710 0.22302E+02   0.28726
  0.10448976E+09   4.98264   3.04919   3.64502   1.61973  -1.54057  -1.90904  -2.18355 0.22312E+02   0.28560
  0.10455005E+09   4.98258   3.04877   3.64545   1.62184  -1.54951  -1.91735  -2.19149 0.22327E+02   0.28357
  0.10460164E+09   4.98252   3.04851   3.64579   1.62345  -1.55742  -1.92473  -2.19854 0.22346E+02   0.28179
  0.10465016E+09   4.98248   3.04837   3.64612   1.62492  -1.56516  -1.93196  -2.20546 0.22367E+02   0.28005
  0.10469689E+09   4.98243   3.04830   3.64644   1.62626  -1.57289  -1.93920  -2.21239 0.22388E+02   0.27833
  0.10474231E+09   4.98238   3.04836   3.64681   1.62769  -1.58062  -1.94643  -2.21930 0.22407E+02   0.27662
  0.10479681E+09   4.98233   3.04850   3.64724   1.62928  -1.59019  -1.95540  -2.22790 0.22433E+02   0.27451
  0.10486221E+09   4.98226   3.04879   3.64773   1.63093  -1.60200  -1.96651  -2.23854 0.22472E+02   0.27193
  0.10491664E+09   4.98220   3.04916   3.64810   1.63201  -1.61231  -1.97623  -2.24788 0.22514E+02   0.26969
  0.10496681E+09   4.98215   3.04966   3.64850   1.63312  -1.62223  -1.98559  -2.25687 0.22551E+02   0.26755
  0.10501498E+09   4.98210   3.05024   3.64890   1.63415  -1.63219  -1.99501  -2.26592 0.22590E+02   0.26542
  0.10507277E+09   4.98205   3.05101   3.64933   1.63510  -1.64459  -2.00676  -2.27723 0.22644E+02   0.26279
  0.10514213E+09   4.98198   3.05214   3.64987   1.63612  -1.66007  -2.02147  -2.29140 0.22713E+02   0.25954
  0.10519995E+09   4.98192   3.05334   3.65040   1.63704  -1.67376  -2.03450  -2.30394 0.22772E+02   0.25669
  0.10525304E+09   4.98186   3.05456   3.65086   1.63766  -1.68710  -2.04721  -2.31620 0.22835E+02   0.25394
  0.10531674E+09   4.98180   3.05622   3.65146   1.63838  -1.70389  -2.06326  -2.33169 0.22913E+02   0.25053
  0.10539318E+09   4.98172   3.05851   3.65222   1.63914  -1.72530  -2.08378  -2.35151 0.23014E+02   0.24624
  0.10545603E+09   4.98165   3.06067   3.65280   1.63927  -1.74442  -2.10216  -2.36930 0.23115E+02   0.24247
  0.10551277E+09   4.98160   3.06293   3.65342   1.63948  -1.76302  -2.12008  -2.38665 0.23209E+02   0.23885
  0.10556608E+09   4.98154   3.06531   3.65408   1.63973  -1.78178  -2.13820  -2.40420 0.23301E+02   0.23527
  0.10561796E+09   4.98149   3.06783   3.65470   1.63969  -1.80147  -2.15726  -2.42268 0.23402E+02   0.23156
  0.10566899E+09   4.98143   3.07058   3.65539   1.63969  -1.82218  -2.17736  -2.44219 0.23506E+02   0.22774
  0.10573023E+09   4.98137   3.07416   3.65623   1.63950  -1.84896  -2.20342  -2.46751 0.23640E+02   0.22289
  0.10580371E+09   4.98129   3.07898   3.65738   1.63925  -1.88416  -2.23781  -2.50097 0.23813E+02   0.21671
  0.10586701E+09   4.98122   3.08373   3.65850   1.63897  -1.91792  -2.27092  -2.53323 0.23976E+02   0.21095
  0.10592752E+09   4.98116   3.08878   3.65962   1.63840  -1.95392  -2.30635  -2.56780 0.24151E+02   0.20502
  0.10598662E+09   4.98109   3.09431   3.66095   1.63820  -1.99297  -2.34493  -2.60548 0.24324E+02   0.19882
  0.10604515E+09   4.98102   3.10030   3.66234   1.63777  -2.03620  -2.38787  -2.64751 0.24515E+02   0.19224
  0.10611538E+09   4.98094   3.10819   3.66434   1.63787  -2.09396  -2.44556  -2.70409 0.24744E+02   0.18391
  0.10619966E+09   4.98085   3.11841   3.66700   1.63826  -2.17233  -2.52448  -2.78173 0.25032E+02   0.17342
  0.10627238E+09   4.98076   3.12801   3.66966   1.63929  -2.24872  -2.60214  -2.85840 0.25281E+02   0.16405
  0.10633951E+09   4.98068   3.13723   3.67246   1.64125  -2.32620  -2.68166  -2.93721 0.25496E+02   0.15537
  0.10640316E+09   4.98060   3.14609   3.67546   1.64439  -2.40460  -2.76302  -3.01817 0.25669E+02   0.14737
  0.10646452E+09   4.98053   3.15449   3.67856   1.64840  -2.48372  -2.84607  -3.10117 0.25811E+02   0.14004
  0.10652414E+09   4.98045   3.16238   3.68167   1.65294  -2.56222  -2.92973  -3.18541 0.25926E+02   0.13345
  0.10658229E+09   4.98037   3.16970   3.68494   1.65871  -2.63835  -3.01230  -3.26924 0.25993E+02   0.12768
  0.10663934E+09   4.98030   3.17651   3.68828   1.66525  -2.71287  -3.09510  -3.35439 0.26023E+02   0.12261
  0.10669548E+09   4.98023   3.18294   3.69319   1.67845  -2.78575  -3.18497  -3.45388 0.25845E+02   0.11873
  0.10675078E+09   4.98015   3.18881   3.69871   1.69464  -2.84931  -3.26813  -3.55009 0.25565E+02   0.11582
  0.10680402E+09   4.98009   3.19398   3.70428   1.71177  -2.90026  -3.33746  -3.63276 0.25246E+02   0.11372
  0.10685430E+09   4.98002   3.19852   3.70967   1.72877  -2.93942  -3.39235  -3.69968 0.24912E+02   0.11225
  0.10690244E+09   4.97996   3.20249   3.71502   1.74619  -2.96699  -3.43210  -3.74895 0.24556E+02   0.11134
  0.10694895E+09   4.97990   3.20605   3.72030   1.76373  -2.98551  -3.45962  -3.78346 0.24188E+02   0.11084
  0.10699411E+09   4.97984   3.20920   3.72514   1.77995  -2.99937  -3.48069  -3.81007 0.23850E+02   0.11053
  0.10704830E+09   4.97978   3.21258   3.73053   1.79815  -3.01077  -3.49859  -3.83283 0.23472E+02   0.11036
  0.10708081E+09   4.97974   3.21451   3.73355   1.80827  -3.01686  -3.50825  -3.84514 0.23267E+02   0.11027
  0.10711983E+09   4.97969   3.21663   3.73689   1.81949  -3.02291  -3.51798  -3.85758 0.23041E+02   0.11021
  0.10716665E+09   4.97963   3.21886   3.74039   1.83127  -3.02877  -3.52755  -3.86987 0.22809E+02   0.11016
  0.10719474E+09   4.97960   3.22017   3.74232   1.83769  -3.03221  -3.53312  -3.87701 0.22684E+02   0.11011
  0.10722846E+09   4.97956   3.22158   3.74441   1.84464  -3.03582  -3.53901  -3.88458 0.22554E+02   0.11007
  0.10726891E+09   4.97951   3.22308   3.74666   1.85210  -3.03880  -3.54405  -3.89108 0.22412E+02   0.11007
  0.10731745E+09   4.97945   3.22459   3.74878   1.85910  -3.04204  -3.54940  -3.89797 0.22287E+02   0.11004
  0.10733908E+09   4.97943   3.22530   3.74968   1.86198  -3.04337  -3.55157  -3.90073 0.22235E+02   0.11002
  0.10736503E+09   4.97940   3.22605   3.75066   1.86512  -3.04480  -3.55390  -3.90372 0.22182E+02   0.11000
  0.10739617E+09   4.97936   3.22685   3.75168   1.86839  -3.04607  -3.55602  -3.90642 0.22127E+02   0.10999
  0.10743354E+09   4.97932   3.22767   3.75260   1.87126  -3.04772  -3.55862  -3.90973 0.22084E+02   0.10996
  0.10747838E+09   4.97927   3.22853   3.75343   1.87371  -3.04913  -3.56077  -3.91242 0.22051E+02   0.10992
  0.10750529E+09   4.97924   3.22900   3.75383   1.87485  -3.04980  -3.56176  -3.91364 0.22039E+02   0.10990
  0.10753757E+09   4.97920   3.22952   3.75421   1.87584  -3.05034  -3.56251  -3.91452 0.22032E+02   0.10987
  0.10757632E+09   4.97915   3.23001   3.75442   1.87621  -3.05113  -3.56353  -3.91573 0.22042E+02   0.10983
  0.10759956E+09   4.97913   3.23034   3.75453   1.87630  -3.05153  -3.56397  -3.91622 0.22048E+02   0.10980
  0.10762746E+09   4.97909   3.23064   3.75458   1.87618  -3.05181  -3.56424  -3.91646 0.22063E+02   0.10977
  0.10766093E+09   4.97905   3.23096   3.75454   1.87572  -3.05187  -3.56410  -3.91617 0.22086E+02   0.10974
  0.10770110E+09   4.97901   3.23122   3.75426   1.87435  -3.05213  -3.56412  -3.91604 0.22133E+02   0.10968
  0.10772520E+09   4.97898   3.23146   3.75411   1.87350  -3.05223  -3.56399  -3.91576 0.22158E+02   0.10964
  0.10775413E+09   4.97895   3.23163   3.75386   1.87233  -3.05221  -3.56367  -3.91523 0.22197E+02   0.10960
  0.10778883E+09   4.97890   3.23178   3.75347   1.87060  -3.05189  -3.56282  -3.91398 0.22247E+02   0.10956
  0.10783048E+09   4.97886   3.23187   3.75280   1.86783  -3.05168  -3.56196  -3.91268 0.22324E+02   0.10950
  0.10785547E+09   4.97883   3.23218   3.75253   1.86644  -3.05169  -3.56159  -3.91205 0.22358E+02   0.10945
  0.10788546E+09   4.97879   3.23227   3.75214   1.86477  -3.05151  -3.56099  -3.91114 0.22407E+02   0.10941
  0.10792144E+09   4.97875   3.23222   3.75146   1.86211  -3.05084  -3.55954  -3.90913 0.22480E+02   0.10937
  0.10796462E+09   4.97870   3.23213   3.75040   1.85797  -3.05033  -3.55807  -3.90702 0.22590E+02   0.10929
  0.10799053E+09   4.97867   3.23222   3.74986   1.85571  -3.04975  -3.55678  -3.90520 0.22647E+02   0.10925
  0.10802162E+09   4.97863   3.23220   3.74916   1.85292  -3.04908  -3.55531  -3.90316 0.22722E+02   0.10921
  0.10805893E+09   4.97858   3.23220   3.74827   1.84935  -3.04851  -3.55384  -3.90107 0.22815E+02   0.10915
  0.10810370E+09   4.97853   3.23206   3.74714   1.84497  -3.04672  -3.55051  -3.89658 0.22931E+02   0.10911
  0.10813056E+09   4.97850   3.23456   3.74809   1.84628  -3.04996  -3.55443  -3.90104 0.22845E+02   0.10890
  0.10816279E+09   4.97846   3.23504   3.74911   1.84985  -3.05132  -3.55684  -3.90421 0.22777E+02   0.10891
  0.10820147E+09   4.97841   3.23448   3.74889   1.84955  -3.05039  -3.55564  -3.90279 0.22798E+02   0.10896
  0.10824789E+09   4.97836   3.23392   3.74751   1.84458  -3.04946  -3.55364  -3.90010 0.22930E+02   0.10890
  0.10830359E+09   4.97829   3.23351   3.74561   1.83738  -3.04714  -3.54916  -3.89405 0.23116E+02   0.10883
  0.10837043E+09   4.97821   3.23314   3.74329   1.82845  -3.04451  -3.54395  -3.88700 0.23349E+02   0.10873
  0.10842540E+09   4.97814   3.23292   3.74145   1.82130  -3.04249  -3.53990  -3.88150 0.23539E+02   0.10864
  0.10849136E+09   4.97806   3.23264   3.73932   1.81307  -3.03971  -3.53459  -3.87436 0.23760E+02   0.10856
  0.10853093E+09   4.97801   3.23253   3.73810   1.80832  -3.03799  -3.53136  -3.87003 0.23890E+02   0.10851
  0.10857843E+09   4.97795   3.23238   3.73671   1.80290  -3.03551  -3.52695  -3.86416 0.24039E+02   0.10848
  0.10863542E+09   4.97787   3.23214   3.73489   1.79583  -3.03360  -3.52314  -3.85905 0.24236E+02   0.10839
  0.10870380E+09   4.97779   3.23180   3.73270   1.78741  -3.03004  -3.51680  -3.85067 0.24471E+02   0.10833
  0.10874484E+09   4.97773   3.23164   3.73139   1.78231  -3.02806  -3.51322  -3.84592 0.24615E+02   0.10829
  0.10879408E+09   4.97767   3.23141   3.72979   1.77614  -3.02564  -3.50886  -3.84017 0.24791E+02   0.10824
  0.10885316E+09   4.97759   3.23106   3.72784   1.76868  -3.02177  -3.50231  -3.83162 0.25005E+02   0.10822
  0.10892407E+09   4.97750   3.23053   3.72531   1.75908  -3.01665  -3.49373  -3.82048 0.25281E+02   0.10821
  0.10896661E+09   4.97744   3.23025   3.72379   1.75329  -3.01348  -3.48845  -3.81363 0.25449E+02   0.10820
  0.10901766E+09   4.97737   3.22986   3.72190   1.74613  -3.00955  -3.48196  -3.80525 0.25659E+02   0.10820
  0.10907893E+09   4.97729   3.22928   3.71955   1.73727  -3.00368  -3.47256  -3.79319 0.25919E+02   0.10823
  0.10915244E+09   4.97719   3.22842   3.71662   1.72641  -2.99399  -3.45761  -3.77420 0.26238E+02   0.10839
  0.10924066E+09   4.97707   3.22715   3.71269   1.71196  -2.98062  -3.43729  -3.74857 0.26664E+02   0.10862
  0.10929359E+09   4.97699   3.22647   3.71050   1.70385  -2.97089  -3.42282  -3.73047 0.26906E+02   0.10884
  0.10935710E+09   4.97691   3.22545   3.70780   1.69407  -2.95698  -3.40254  -3.70531 0.27200E+02   0.10921
  0.10943332E+09   4.97680   3.22403   3.70449   1.68225  -2.93616  -3.37281  -3.66884 0.27554E+02   0.10984
  0.10952479E+09   4.97667   3.22192   3.70054   1.66856  -2.90233  -3.32581  -3.61205 0.27960E+02   0.11103
  0.10957966E+09   4.97659   3.22522   3.70132   1.66837  -2.91181  -3.33756  -3.62554 0.27952E+02   0.11045
  0.10964552E+09   4.97649   3.22459   3.70072   1.66657  -2.90815  -3.33260  -3.61966 0.28048E+02   0.11059
  0.10972454E+09   4.97637   3.22221   3.69784   1.65745  -2.88027  -3.29492  -3.57494 0.28333E+02   0.11169
  0.10981937E+09   4.97624   3.21866   3.69301   1.64164  -2.82917  -3.22732  -3.49619 0.28801E+02   0.11378
  0.10993317E+09   4.97607   3.21348   3.68688   1.62231  -2.74836  -3.12567  -3.38213 0.29352E+02   0.11757
  0.11000144E+09   4.97596   3.21044   3.68411   1.61425  -2.69953  -3.06929  -3.32259 0.29564E+02   0.12042
  0.11008338E+09   4.97584   3.21490   3.68441   1.61096  -2.71219  -3.08216  -3.33518 0.29664E+02   0.11930
  0.11018169E+09   4.97569   3.21103   3.68269   1.60795  -2.67367  -3.04025  -3.29262 0.29768E+02   0.12194
  0.11029968E+09   4.97551   3.20309   3.67853   1.59923  -2.57876  -2.93826  -3.18963 0.29938E+02   0.12893
  0.11044126E+09   4.97530   3.19064   3.67248   1.58748  -2.43299  -2.78526  -3.03679 0.30087E+02   0.14151
  0.11056651E+09   4.97529   3.17775   3.66694   1.57822  -2.29431  -2.64279  -2.89575 0.30126E+02   0.15581
  0.11067892E+09   4.97529   3.16377   3.66185   1.57182  -2.15875  -2.50600  -2.76132 0.30049E+02   0.17231
  0.11078188E+09   4.97528   3.15059   3.65741   1.56723  -2.03561  -2.38355  -2.64162 0.29919E+02   0.18969
  0.11087922E+09   4.97528   3.13988   3.65370   1.56313  -1.93158  -2.28129  -2.54204 0.29821E+02   0.20626
  0.11097402E+09   4.97528   3.13214   3.65059   1.55840  -1.84651  -2.19853  -2.46174 0.29813E+02   0.22113
  0.11106231E+09   4.97527   3.12737   3.64806   1.55307  -1.78082  -2.13521  -2.40053 0.29902E+02   0.23344
  0.11110255E+09   4.97527   3.12602   3.64703   1.55028  -1.75467  -2.11014  -2.37634 0.29977E+02   0.23854
  0.11114279E+09   4.97527   3.12494   3.64603   1.54737  -1.73026  -2.08683  -2.35388 0.30071E+02   0.24340
  0.11118302E+09   4.97527   3.12425   3.64510   1.54433  -1.70725  -2.06491  -2.33278 0.30181E+02   0.24808
  0.11122326E+09   4.97527   3.12388   3.64412   1.54078  -1.68541  -2.04420  -2.31287 0.30322E+02   0.25260
  0.11127154E+09   4.97527   3.12402   3.64304   1.53633  -1.66028  -2.02044  -2.29006 0.30518E+02   0.25790
  0.11132948E+09   4.97527   3.12496   3.64169   1.52998  -1.63129  -1.99316  -2.26392 0.30818E+02   0.26414
  0.11139901E+09   4.97526   3.12753   3.63997   1.52052  -1.59706  -1.96114  -2.23332 0.31301E+02   0.27168
  0.11148245E+09   4.97526   3.13375   3.63747   1.50433  -1.55455  -1.92171  -2.19576 0.32188E+02   0.28132
  0.11155121E+09   4.97526   3.14399   3.63486   1.48362  -1.51495  -1.88534  -2.16124 0.33429E+02   0.29057
  0.11161261E+09   4.97526   3.16533   3.63086   1.44631  -1.46789  -1.84270  -2.12098 0.35853E+02   0.30191
  0.11163765E+09   4.97526   3.18567   3.62762   1.41302  -1.43867  -1.81663  -2.09652 0.38431E+02   0.30916
  0.11164766E+09   4.97525   3.19913   3.62581   1.39231  -1.42430  -1.80391  -2.08459 0.40289E+02   0.31279
  0.11165568E+09   4.97525   3.21563   3.62369   1.36731  -1.41082  -1.79208  -2.07354 0.42595E+02   0.31624
  0.11166209E+09   4.97525   3.23320   3.62157   1.34125  -1.40071  -1.78331  -2.06536 0.44873E+02   0.31886
  0.11166721E+09   4.97525   3.24802   3.61990   1.31976  -1.39490  -1.77830  -2.06068 0.46589E+02   0.32039
  0.11167132E+09   4.97525   3.25765   3.61874   1.30550  -1.39273  -1.77651  -2.05904 0.47558E+02   0.32097
  0.11167460E+09   4.97525   3.26275   3.61833   1.29874  -1.39261  -1.77640  -2.05889 0.47904E+02   0.32101
  0.11167722E+09   4.97525   3.26423   3.61820   1.29676  -1.39370  -1.77738  -2.05981 0.47922E+02   0.32073
  0.11167957E+09   4.97525   3.26356   3.61836   1.29806  -1.39539  -1.77885  -2.06117 0.47765E+02   0.32029
  0.11168239E+09   4.97525   3.26013   3.61883   1.30340  -1.39810  -1.78120  -2.06336 0.47419E+02   0.31959
  0.11168577E+09   4.97525   3.25364   3.61962   1.31302  -1.40167  -1.78429  -2.06625 0.46899E+02   0.31866
  0.11168983E+09   4.97525   3.24489   3.62061   1.32573  -1.40561  -1.78772  -2.06947 0.46269E+02   0.31763
  0.11169470E+09   4.97525   3.23539   3.62160   1.33918  -1.40925  -1.79089  -2.07245 0.45617E+02   0.31669
  0.11170055E+09   4.97525   3.22692   3.62256   1.35151  -1.41186  -1.79313  -2.07455 0.45009E+02   0.31602
  0.11170756E+09   4.97525   3.22039   3.62322   1.36069  -1.41293  -1.79403  -2.07539 0.44530E+02   0.31574
  0.11171421E+09   4.97525   3.21709   3.62358   1.36542  -1.41218  -1.79332  -2.07471 0.44257E+02   0.31592
  0.11171821E+09   4.97525   3.21591   3.62358   1.36659  -1.41119  -1.79246  -2.07392 0.44169E+02   0.31618
  0.11172220E+09   4.97525   3.21592   3.62357   1.36654  -1.40948  -1.79093  -2.07247 0.44139E+02   0.31661
  0.11172620E+09   4.97525   3.21679   3.62333   1.36472  -1.40731  -1.78904  -2.07073 0.44191E+02   0.31717
  0.11173019E+09   4.97525   3.21887   3.62305   1.36153  -1.40462  -1.78666  -2.06850 0.44308E+02   0.31786
  0.11173498E+09   4.97525   3.22271   3.62252   1.35557  -1.40097  -1.78347  -2.06553 0.44554E+02   0.31880
  0.11174073E+09   4.97525   3.22913   3.62172   1.34592  -1.39626  -1.77937  -2.06170 0.44975E+02   0.32002
  0.11174764E+09   4.97525   3.23879   3.62063   1.33189  -1.39060  -1.77445  -2.05709 0.45619E+02   0.32148
  0.11175178E+09   4.97524   3.24508   3.61983   1.32242  -1.38745  -1.77175  -2.05459 0.46072E+02   0.32231
  0.11175592E+09   4.97524   3.25180   3.61903   1.31250  -1.38448  -1.76921  -2.05223 0.46556E+02   0.32310
  0.11176006E+09   4.97524   3.25875   3.61825   1.30245  -1.38168  -1.76680  -2.04998 0.47058E+02   0.32384
  0.11176420E+09   4.97524   3.26573   3.61748   1.29238  -1.37910  -1.76459  -2.04791 0.47572E+02   0.32452
  0.11176917E+09   4.97524   3.27396   3.61655   1.28042  -1.37634  -1.76224  -2.04571 0.48198E+02   0.32526
  0.11177513E+09   4.97524   3.28350   3.61546   1.26650  -1.37346  -1.75980  -2.04343 0.48948E+02   0.32603
  0.11178229E+09   4.97524   3.29445   3.61433   1.25107  -1.37039  -1.75716  -2.04092 0.49807E+02   0.32685
  0.11179087E+09   4.97524   3.30656   3.61297   1.23351  -1.36739  -1.75464  -2.03854 0.50825E+02   0.32767
  0.11180118E+09   4.97524   3.32005   3.61161   1.21457  -1.36431  -1.75199  -2.03597 0.51974E+02   0.32850
  0.11181354E+09   4.97523   3.33472   3.60999   1.19342  -1.36144  -1.74957  -2.03366 0.53322E+02   0.32929
  0.11182838E+09   4.97523   3.35079   3.60839   1.17094  -1.35854  -1.74704  -2.03114 0.54841E+02   0.33007
  0.11184618E+09   4.97522   3.36819   3.60652   1.14610  -1.35589  -1.74477  -2.02887 0.56631E+02   0.33080
  0.11186755E+09   4.97522   3.38712   3.60449   1.11903  -1.35340  -1.74261  -2.02666 0.58724E+02   0.33149
  0.11189319E+09   4.97520   3.40782   3.60244   1.09011  -1.35088  -1.74033  -2.02420 0.61158E+02   0.33217
  0.11191686E+09   4.97519   3.42563   3.60061   1.06500  -1.34902  -1.73861  -2.02230 0.63438E+02   0.33268
  0.11193106E+09   4.97518   3.43599   3.59962   1.05066  -1.34796  -1.73758  -2.02111 0.64823E+02   0.33296
  0.11194526E+09   4.97517   3.44605   3.59857   1.03639  -1.34708  -1.73673  -2.02012 0.66247E+02   0.33319
  0.11195947E+09   4.97516   3.45598   3.59756   1.02245  -1.34621  -1.73586  -2.01909 0.67697E+02   0.33342
  0.11197367E+09   4.97514   3.46580   3.59657   1.00865  -1.34541  -1.73505  -2.01809 0.69184E+02   0.33363
  0.11199071E+09   4.97513   3.47752   3.59543   0.99237  -1.34444  -1.73401  -2.01681 0.71010E+02   0.33388
  0.11201116E+09   4.97510   3.49157   3.59410   0.97300  -1.34329  -1.73275  -2.01521 0.73281E+02   0.33416
  0.11202343E+09   4.97509   3.50004   3.59316   0.96077  -1.34276  -1.73218  -2.01446 0.74757E+02   0.33430
  0.11203570E+09   4.97507   3.50864   3.59233   0.94885  -1.34211  -1.73144  -2.01348 0.76250E+02   0.33446
  0.11204797E+09   4.97505   3.51732   3.59141   0.93649  -1.34156  -1.73080  -2.01262 0.77831E+02   0.33459
  0.11206025E+09   4.97503   3.52617   3.59055   0.92421  -1.34093  -1.73004  -2.01160 0.79453E+02   0.33474
  0.11207497E+09   4.97500   3.53696   3.58950   0.90922  -1.34017  -1.72910  -2.01032 0.81499E+02   0.33491
  0.11209264E+09   4.97496   3.55020   3.58823   0.89088  -1.33925  -1.72793  -2.00871 0.84094E+02   0.33511
  0.11210726E+09   4.97493   3.56145   3.58710   0.87510  -1.33853  -1.72698  -2.00738 0.86413E+02   0.33527
  0.11212028E+09   4.97489   3.57178   3.58607   0.86064  -1.33785  -1.72606  -2.00608 0.88609E+02   0.33542
  0.11213242E+09   4.97486   3.58174   3.58513   0.84694  -1.33712  -1.72508  -2.00470 0.90763E+02   0.33556
  0.11214399E+09   4.97482   3.59154   3.58411   0.83303  -1.33653  -1.72424  -2.00348 0.92988E+02   0.33569
  0.11215514E+09   4.97478   3.60136   3.58333   0.82011  -1.33563  -1.72298  -2.00175 0.95169E+02   0.33585
  0.11216593E+09   4.97473   3.61114   3.58236   0.80644  -1.33497  -1.72203  -2.00038 0.97494E+02   0.33598
  0.11217626E+09   4.97469   3.62081   3.58129   0.79250  -1.33440  -1.72117  -1.99911 0.99909E+02   0.33609
  0.11218611E+09   4.97464   3.63037   3.58031   0.77899  -1.33375  -1.72021  -1.99772 0.10234E+03   0.33621
  0.11219564E+09   4.97459   3.63991   3.57944   0.76597  -1.33297  -1.71905  -1.99608 0.10477E+03   0.33635
  0.11220491E+09   4.97453   3.64943   3.57852   0.75276  -1.33222  -1.71791  -1.99445 0.10730E+03   0.33648
  0.11221392E+09   4.97447   3.65896   3.57774   0.74011  -1.33131  -1.71656  -1.99255 0.10984E+03   0.33663
  0.11222261E+09   4.97441   3.66836   3.57684   0.72713  -1.33050  -1.71534  -1.99081 0.11249E+03   0.33677
  0.11223099E+09   4.97434   3.67765   3.57594   0.71424  -1.32972  -1.71413  -1.98908 0.11520E+03   0.33689
  0.11223905E+09   4.97427   3.68678   3.57503   0.70142  -1.32896  -1.71294  -1.98737 0.11796E+03   0.33702
  0.11224680E+09   4.97420   3.69573   3.57397   0.68825  -1.32837  -1.71196  -1.98592 0.12084E+03   0.33711
  0.11225425E+09   4.97412   3.70453   3.57306   0.67581  -1.32760  -1.71075  -1.98417 0.12368E+03   0.33723
  0.11226141E+09   4.97403   3.71316   3.57225   0.66394  -1.32676  -1.70943  -1.98231 0.12652E+03   0.33736
  0.11226829E+09   4.97395   3.72158   3.57139   0.65206  -1.32596  -1.70817  -1.98052 0.12941E+03   0.33749
  0.11227491E+09   4.97386   3.72985   3.57060   0.64061  -1.32511  -1.70684  -1.97864 0.13230E+03   0.33762
  0.11228128E+09   4.97376   3.73797   3.57001   0.63012  -1.32403  -1.70521  -1.97641 0.13511E+03   0.33778
  0.11228742E+09   4.97366   3.74589   3.56925   0.61916  -1.32317  -1.70387  -1.97452 0.13805E+03   0.33791
  0.11229334E+09   4.97356   3.75368   3.56855   0.60856  -1.32225  -1.70243  -1.97253 0.14099E+03   0.33805
  0.11229897E+09   4.97345   3.76120   3.56779   0.59800  -1.32139  -1.70109  -1.97065 0.14397E+03   0.33818
  0.11230429E+09   4.97334   3.76844   3.56707   0.58786  -1.32057  -1.69979  -1.96884 0.14690E+03   0.33830
  0.11230944E+09   4.97323   3.77556   3.56642   0.57812  -1.31966  -1.69837  -1.96688 0.14983E+03   0.33844
  0.11231439E+09   4.97311   3.78249   3.56569   0.56827  -1.31886  -1.69711  -1.96512 0.15282E+03   0.33856
  0.11231916E+09   4.97299   3.78925   3.56469   0.55750  -1.31837  -1.69624  -1.96383 0.15603E+03   0.33862
  0.11232388E+09   4.97286   3.79614   3.56419   0.54859  -1.31726  -1.69457  -1.96158 0.15898E+03   0.33879
  0.11232849E+09   4.97273   3.80289   3.56344   0.53883  -1.31647  -1.69331  -1.95983 0.16216E+03   0.33890
  0.11233298E+09   4.97259   3.80959   3.56281   0.52960  -1.31550  -1.69182  -1.95778 0.16531E+03   0.33905
  0.11233734E+09   4.97244   3.81617   3.56217   0.52044  -1.31457  -1.69037  -1.95581 0.16850E+03   0.33918
  0.11234157E+09   4.97229   3.82265   3.56155   0.51148  -1.31361  -1.68890  -1.95381 0.17172E+03   0.33933
  0.11234567E+09   4.97213   3.82900   3.56089   0.50249  -1.31269  -1.68748  -1.95187 0.17499E+03   0.33946
  0.11234964E+09   4.97197   3.83526   3.56032   0.49394  -1.31168  -1.68594  -1.94980 0.17823E+03   0.33961
  0.11235348E+09   4.97181   3.84138   3.55971   0.48534  -1.31074  -1.68450  -1.94785 0.18153E+03   0.33975
  0.11235721E+09   4.97163   3.84742   3.55913   0.47697  -1.30975  -1.68299  -1.94582 0.18484E+03   0.33989
  0.11236083E+09   4.97146   3.85334   3.55855   0.46872  -1.30877  -1.68150  -1.94383 0.18816E+03   0.34004
  0.11236434E+09   4.97127   3.85916   3.55800   0.46067  -1.30777  -1.68000  -1.94181 0.19150E+03   0.34019
  0.11236775E+09   4.97108   3.86487   3.55743   0.45268  -1.30679  -1.67851  -1.93982 0.19488E+03   0.34033
  0.11237105E+09   4.97089   3.87049   3.55689   0.44489  -1.30579  -1.67700  -1.93781 0.19826E+03   0.34048
  0.11237426E+09   4.97069   3.87601   3.55636   0.43722  -1.30478  -1.67549  -1.93581 0.20167E+03   0.34063
  0.11237738E+09   4.97049   3.88144   3.55584   0.42969  -1.30377  -1.67398  -1.93381 0.20510E+03   0.34078
  0.11238041E+09   4.97028   3.88677   3.55533   0.42230  -1.30276  -1.67246  -1.93181 0.20854E+03   0.34094
  0.11238336E+09   4.97006   3.89200   3.55480   0.41493  -1.30175  -1.67096  -1.92982 0.21203E+03   0.34109
  0.11238622E+09   4.96984   3.89716   3.55432   0.40783  -1.30070  -1.66941  -1.92780 0.21549E+03   0.34125
  0.11238901E+09   4.96961   3.90222   3.55382   0.40076  -1.29969  -1.66792  -1.92584 0.21900E+03   0.34140
  0.11239172E+09   4.96938   3.90720   3.55335   0.39387  -1.29864  -1.66638  -1.92383 0.22250E+03   0.34156
  0.11239436E+09   4.96914   3.91209   3.55287   0.38703  -1.29761  -1.66486  -1.92186 0.22604E+03   0.34172
  0.11239693E+09   4.96890   3.91690   3.55239   0.38031  -1.29657  -1.66334  -1.91987 0.22960E+03   0.34188
  0.11239943E+09   4.96865   3.92163   3.55194   0.37375  -1.29552  -1.66181  -1.91789 0.23315E+03   0.34204
  0.11240186E+09   4.96840   3.92627   3.55148   0.36725  -1.29447  -1.66029  -1.91592 0.23673E+03   0.34220
  0.11240424E+09   4.96814   3.93084   3.55104   0.36088  -1.29342  -1.65877  -1.91396 0.24032E+03   0.34236
  0.11240655E+09   4.96787   3.93533   3.55061   0.35465  -1.29236  -1.65725  -1.91201 0.24392E+03   0.34253
  0.11240881E+09   4.96760   3.93975   3.55018   0.34851  -1.29131  -1.65574  -1.91006 0.24753E+03   0.34269
  0.11241100E+09   4.96733   3.94408   3.54976   0.34245  -1.29025  -1.65423  -1.90813 0.25116E+03   0.34286
  0.11241315E+09   4.96705   3.94834   3.54935   0.33654  -1.28919  -1.65272  -1.90620 0.25478E+03   0.34303
  0.11241524E+09   4.96676   3.95254   3.54895   0.33069  -1.28813  -1.65122  -1.90429 0.25843E+03   0.34320
  0.11241728E+09   4.96647   3.95666   3.54855   0.32495  -1.28707  -1.64971  -1.90237 0.26209E+03   0.34337
  0.11241927E+09   4.96618   3.96069   3.54815   0.31930  -1.28600  -1.64822  -1.90048 0.26575E+03   0.34354
  0.11242122E+09   4.96587   3.96467   3.54777   0.31380  -1.28493  -1.64672  -1.89858 0.26941E+03   0.34372
  0.11242312E+09   4.96557   3.96856   3.54739   0.30832  -1.28386  -1.64523  -1.89671 0.27309E+03   0.34389
  0.11242497E+09   4.96526   3.97237   3.54702   0.30303  -1.28278  -1.64375  -1.89484 0.27676E+03   0.34407
  0.11242678E+09   4.96494   3.97612   3.54666   0.29780  -1.28171  -1.64227  -1.89299 0.28044E+03   0.34425
  0.11242856E+09   4.96462   3.97983   3.54630   0.29263  -1.28062  -1.64078  -1.89113 0.28414E+03   0.34443
  0.11243029E+09   4.96429   3.98345   3.54611   0.28822  -1.27937  -1.63910  -1.88904 0.28762E+03   0.34464
  0.11243198E+09   4.96396   3.98697   3.54589   0.28379  -1.27816  -1.63749  -1.88706 0.29113E+03   0.34485
  0.11243363E+09   4.96363   3.99039   3.54560   0.27919  -1.27703  -1.63598  -1.88521 0.29473E+03   0.34505
  0.11243522E+09   4.96330   3.99360   3.54482   0.27283  -1.27646  -1.63519  -1.88421 0.29892E+03   0.34515
  0.11243665E+09   4.96299   3.99665   3.54479   0.26962  -1.27513  -1.63347  -1.88212 0.30190E+03   0.34539
  0.11243838E+09   4.96260   4.00024   3.54460   0.26524  -1.27370  -1.63165  -1.87992 0.30573E+03   0.34566
  0.11244044E+09   4.96212   4.00458   3.54425   0.25946  -1.27207  -1.62957  -1.87741 0.31063E+03   0.34596
  0.11244214E+09   4.96171   4.00777   3.54393   0.25494  -1.27073  -1.62796  -1.87551 0.31466E+03   0.34624
  0.11244350E+09   4.96137   4.00993   3.54374   0.25199  -1.26955  -1.62666  -1.87405 0.31769E+03   0.34650
  0.11244460E+09   4.96109   4.01124   3.54364   0.25028  -1.26850  -1.62563  -1.87294 0.31992E+03   0.34677
  0.11244559E+09   4.96083   4.01220   3.54308   0.24706  -1.26795  -1.62528  -1.87269 0.32257E+03   0.34696
  0.11244651E+09   4.96060   4.01339   3.54332   0.24680  -1.26643  -1.62376  -1.87107 0.32403E+03   0.34734
  0.11244761E+09   4.96031   4.01531   3.54333   0.24489  -1.26471  -1.62206  -1.86925 0.32639E+03   0.34777
  0.11244892E+09   4.95995   4.01814   3.54311   0.24115  -1.26272  -1.62003  -1.86705 0.32983E+03   0.34826
  0.11244998E+09   4.95966   4.01920   3.54308   0.23994  -1.26110  -1.61865  -1.86570 0.33194E+03   0.34871
  0.11245082E+09   4.95942   4.01920   3.54284   0.23897  -1.25998  -1.61800  -1.86529 0.33362E+03   0.34910
  0.11245183E+09   4.95914   4.02167   3.54251   0.23513  -1.25806  -1.61619  -1.86342 0.33671E+03   0.34962
  0.11245304E+09   4.95879   4.02485   3.54227   0.23100  -1.25556  -1.61373  -1.86078 0.34032E+03   0.35025
  0.11245412E+09   4.95847   4.02664   3.54218   0.22880  -1.25341  -1.61180  -1.85885 0.34299E+03   0.35084
  0.11245540E+09   4.95808   4.03012   3.54192   0.22423  -1.25072  -1.60914  -1.85602 0.34704E+03   0.35152
  0.11245695E+09   4.95759   4.03458   3.54201   0.22009  -1.24713  -1.60541  -1.85192 0.35150E+03   0.35237
  0.11245819E+09   4.95719   4.03628   3.54175   0.21734  -1.24485  -1.60351  -1.85009 0.35489E+03   0.35303
  0.11245933E+09   4.95681   4.03837   3.54159   0.21454  -1.24240  -1.60134  -1.84794 0.35817E+03   0.35371
  0.11246045E+09   4.95643   4.04090   3.54168   0.21237  -1.23960  -1.59869  -1.84516 0.36122E+03   0.35443
  0.11246144E+09   4.95608   4.04273   3.54119   0.20852  -1.23777  -1.59719  -1.84375 0.36479E+03   0.35497
  0.11246233E+09   4.95576   4.04460   3.54100   0.20590  -1.23578  -1.59541  -1.84194 0.36768E+03   0.35551
  0.11246339E+09   4.95538   4.04858   3.54070   0.20066  -1.23321  -1.59270  -1.83895 0.37214E+03   0.35612
  0.11246467E+09   4.95490   4.05342   3.54075   0.19597  -1.22999  -1.58911  -1.83486 0.37696E+03   0.35683
  0.11246569E+09   4.95449   4.05565   3.54035   0.19214  -1.22830  -1.58751  -1.83320 0.38090E+03   0.35728
  0.11246665E+09   4.95410   4.05845   3.54037   0.18936  -1.22614  -1.58524  -1.83069 0.38432E+03   0.35779
  0.11246746E+09   4.95376   4.06021   3.53993   0.18580  -1.22491  -1.58412  -1.82954 0.38780E+03   0.35812
  0.11246844E+09   4.95335   4.06410   3.53944   0.17994  -1.22296  -1.58193  -1.82705 0.39279E+03   0.35856
  0.11246962E+09   4.95283   4.06874   3.53904   0.17364  -1.22060  -1.57917  -1.82384 0.39859E+03   0.35906
  0.11247056E+09   4.95239   4.07128   3.53886   0.17034  -1.21895  -1.57740  -1.82186 0.40250E+03   0.35944
  0.11247148E+09   4.95195   4.07420   3.53858   0.16625  -1.21728  -1.57554  -1.81975 0.40682E+03   0.35982
  0.11247239E+09   4.95151   4.07731   3.53833   0.16212  -1.21556  -1.57357  -1.81750 0.41119E+03   0.36019
  0.11247328E+09   4.95106   4.08037   3.53806   0.15794  -1.21392  -1.57169  -1.81532 0.41561E+03   0.36055
  0.11247416E+09   4.95060   4.08338   3.53780   0.15386  -1.21231  -1.56982  -1.81317 0.42003E+03   0.36089
  0.11247502E+09   4.95014   4.08640   3.53753   0.14972  -1.21073  -1.56797  -1.81103 0.42450E+03   0.36123
  0.11247587E+09   4.94967   4.08938   3.53726   0.14561  -1.20919  -1.56616  -1.80893 0.42900E+03   0.36155
