#     AGE           MASS      LOGL     LOGTEFF    LOG G     LOGK2     LOGK3     LOGK4      APOT        BETA
  0.37197406E+06   9.99979   3.75235   4.41658   4.30533  -1.91198  -2.59244  -3.07556 0.14822E+01   0.26996
  0.42218793E+06   9.99978   3.75257   4.41611   4.30323  -1.91279  -2.59323  -3.07633 0.14829E+01   0.26984
  0.48244457E+06   9.99977   3.75290   4.41559   4.30084  -1.91379  -2.59420  -3.07726 0.14839E+01   0.26969
  0.55475254E+06   9.99976   3.75336   4.41504   4.29815  -1.91500  -2.59538  -3.07839 0.14851E+01   0.26952
  0.64152211E+06   9.99974   3.75397   4.41443   4.29513  -1.91646  -2.59678  -3.07975 0.14865E+01   0.26930
  0.74564559E+06   9.99972   3.75478   4.41379   4.29176  -1.91818  -2.59844  -3.08135 0.14882E+01   0.26905
  0.87059377E+06   9.99970   3.75581   4.41312   4.28803  -1.92023  -2.60040  -3.08324 0.14902E+01   0.26874
  0.10205316E+07   9.99968   3.75711   4.41241   4.28389  -1.92265  -2.60271  -3.08547 0.14926E+01   0.26839
  0.12004570E+07   9.99965   3.75875   4.41167   4.27930  -1.92552  -2.60544  -3.08810 0.14955E+01   0.26797
  0.14163674E+07   9.99961   3.76078   4.41091   4.27420  -1.92890  -2.60865  -3.09121 0.14989E+01   0.26747
  0.16754599E+07   9.99956   3.76331   4.41011   4.26851  -1.93291  -2.61245  -3.09488 0.15029E+01   0.26689
  0.19863710E+07   9.99951   3.76642   4.40930   4.26212  -1.93768  -2.61696  -3.09924 0.15077E+01   0.26619
  0.23594643E+07   9.99944   3.77027   4.40845   4.25488  -1.94339  -2.62234  -3.10444 0.15137E+01   0.26534
  0.28071762E+07   9.99936   3.77501   4.40756   4.24660  -1.95025  -2.62879  -3.11067 0.15208E+01   0.26434
  0.33444305E+07   9.99926   3.78085   4.40663   4.23701  -1.95856  -2.63658  -3.11819 0.15296E+01   0.26312
  0.39891356E+07   9.99913   3.78807   4.40562   4.22575  -1.96867  -2.64604  -3.12734 0.15404E+01   0.26163
  0.47627818E+07   9.99898   3.79702   4.40450   4.21231  -1.98109  -2.65763  -3.13856 0.15540E+01   0.25981
  0.56911572E+07   9.99879   3.80814   4.40320   4.19596  -1.99651  -2.67197  -3.15245 0.15713E+01   0.25755
  0.68052077E+07   9.99855   3.82211   4.40161   4.17563  -2.01590  -2.68995  -3.16988 0.15936E+01   0.25472
  0.81420683E+07   9.99824   3.83964   4.39955   4.14987  -2.04049  -2.71270  -3.19196 0.16230E+01   0.25113
  0.97463010E+07   9.99785   3.86189   4.39673   4.11630  -2.07219  -2.74196  -3.22044 0.16627E+01   0.24652
  0.11671380E+08   9.99734   3.89070   4.39250   4.07054  -2.11433  -2.78077  -3.25834 0.17190E+01   0.24040
  0.13211444E+08   9.99688   3.91547   4.38813   4.02827  -2.15171  -2.81516  -3.29204 0.17728E+01   0.23500
  0.14502492E+08   9.99645   3.93772   4.38349   3.98745  -2.18648  -2.84722  -3.32362 0.18263E+01   0.23000
  0.15611029E+08   9.99604   3.95798   4.37860   3.94761  -2.21914  -2.87741  -3.35351 0.18801E+01   0.22531
  0.16574720E+08   9.99565   3.97632   4.37356   3.90909  -2.24960  -2.90567  -3.38161 0.19337E+01   0.22095
  0.17422677E+08   9.99528   3.99316   4.36833   3.87131  -2.27845  -2.93254  -3.40848 0.19876E+01   0.21684
  0.18175446E+08   9.99492   4.00881   4.36287   3.83383  -2.30609  -2.95840  -3.43447 0.20427E+01   0.21291
  0.18844791E+08   9.99457   4.02339   4.35720   3.79656  -2.33264  -2.98339  -3.45973 0.20990E+01   0.20915
  0.19439133E+08   9.99424   4.03694   4.35135   3.75956  -2.35811  -3.00752  -3.48425 0.21564E+01   0.20557
  0.19965969E+08   9.99392   4.04952   4.34535   3.72300  -2.38254  -3.03080  -3.50805 0.22149E+01   0.20214
  0.20432700E+08   9.99362   4.06110   4.33934   3.68734  -2.40569  -3.05303  -3.53091 0.22735E+01   0.19891
  0.20847651E+08   9.99333   4.07174   4.33341   3.65298  -2.42752  -3.07414  -3.55274 0.23319E+01   0.19588
  0.21219984E+08   9.99306   4.08157   4.32759   3.61987  -2.44818  -3.09427  -3.57367 0.23903E+01   0.19304
  0.21557975E+08   9.99279   4.09079   4.32194   3.58801  -2.46787  -3.11359  -3.59385 0.24491E+01   0.19034
  0.21868683E+08   9.99254   4.09957   4.31651   3.55751  -2.48677  -3.13225  -3.61343 0.25088E+01   0.18777
  0.22158838E+08   9.99228   4.10817   4.31145   3.52867  -2.50502  -3.15039  -3.63253 0.25696E+01   0.18530
  0.22435982E+08   9.99202   4.11697   4.30713   3.50256  -2.52274  -3.16808  -3.65119 0.26324E+01   0.18292
  0.22768555E+08   9.99170   4.12926   4.30478   3.48087  -2.54305  -3.18838  -3.67250 0.27115E+01   0.18019
  0.22968098E+08   9.99150   4.13985   4.30995   3.49096  -2.55171  -3.19681  -3.68098 0.27537E+01   0.17899
  0.22985504E+08   9.99148   4.14798   4.31866   3.51767  -2.55279  -3.19785  -3.68199 0.27591E+01   0.17884
  0.23002910E+08   9.99146   4.14155   4.31103   3.49358  -2.55339  -3.19839  -3.68248 0.27628E+01   0.17875
  0.23020316E+08   9.99144   4.14326   4.31250   3.49775  -2.55370  -3.19863  -3.68261 0.27659E+01   0.17870
  0.23037723E+08   9.99142   4.14509   4.31435   3.50332  -2.55383  -3.19867  -3.68251 0.27687E+01   0.17866
  0.23055129E+08   9.99141   4.14722   4.31670   3.51058  -2.55383  -3.19855  -3.68220 0.27716E+01   0.17865
  0.23076016E+08   9.99138   4.14988   4.31976   3.52017  -2.55359  -3.19813  -3.68145 0.27755E+01   0.17865
  0.23088548E+08   9.99137   4.15428   4.32502   3.53681  -2.55413  -3.19852  -3.68161 0.27816E+01   0.17855
  0.23103587E+08   9.99136   4.15852   4.32948   3.55041  -2.55596  -3.20010  -3.68281 0.27967E+01   0.17826
  0.23112611E+08   9.99135   4.16702   4.33784   3.57532  -2.56147  -3.20535  -3.68788 0.28301E+01   0.17747
  0.23119829E+08   9.99134   4.17734   4.34541   3.59529  -2.57197  -3.21544  -3.69804 0.29061E+01   0.17591
  0.23125604E+08   9.99133   4.18968   4.35158   3.60764  -2.57716  -3.21998  -3.70287 0.30131E+01   0.17484
  0.23126759E+08   9.99133   4.18876   4.34707   3.59051  -2.57692  -3.21961  -3.70255 0.30357E+01   0.17478
  0.23127683E+08   9.99133   4.18700   4.34537   3.58546  -2.57587  -3.21844  -3.70141 0.30514E+01   0.17484
  0.23128698E+08   9.99133   4.18446   4.34342   3.58020  -2.57418  -3.21661  -3.69961 0.30682E+01   0.17496
  0.23129916E+08   9.99133   4.18073   4.34064   3.57281  -2.57256  -3.21480  -3.69789 0.30923E+01   0.17505
  0.23131378E+08   9.99133   4.17584   4.33656   3.56138  -2.57271  -3.21475  -3.69809 0.31327E+01   0.17488
  0.23133131E+08   9.99133   4.17068   4.33083   3.54363  -2.57729  -3.21926  -3.70318 0.31998E+01   0.17414
  0.23134571E+08   9.99132   4.16684   4.32308   3.51645  -2.58417  -3.22623  -3.71085 0.32684E+01   0.17316
  0.23135822E+08   9.99132   4.16552   4.31624   3.49044  -2.59237  -3.23467  -3.72007 0.33376E+01   0.17205
  0.23136957E+08   9.99132   4.16573   4.31003   3.46537  -2.60143  -3.24410  -3.73034 0.34081E+01   0.17088
  0.23138017E+08   9.99132   4.16693   4.30421   3.44091  -2.61102  -3.25416  -3.74130 0.34795E+01   0.16966
  0.23139027E+08   9.99132   4.16875   4.29865   3.41683  -2.62096  -3.26464  -3.75273 0.35522E+01   0.16842
  0.23140001E+08   9.99132   4.17095   4.29324   3.39302  -2.63109  -3.27539  -3.76446 0.36263E+01   0.16718
  0.23140948E+08   9.99132   4.17337   4.28795   3.36943  -2.64129  -3.28628  -3.77635 0.37016E+01   0.16594
  0.23141876E+08   9.99132   4.17588   4.28273   3.34603  -2.65148  -3.29720  -3.78828 0.37780E+01   0.16472
  0.23142786E+08   9.99131   4.17838   4.27755   3.32281  -2.66159  -3.30808  -3.80020 0.38557E+01   0.16352
  0.23143684E+08   9.99131   4.18083   4.27240   3.29978  -2.67158  -3.31889  -3.81203 0.39344E+01   0.16235
  0.23144569E+08   9.99131   4.18318   4.26728   3.27692  -2.68140  -3.32957  -3.82373 0.40143E+01   0.16120
  0.23145444E+08   9.99131   4.18538   4.26215   3.25423  -2.69106  -3.34010  -3.83528 0.40953E+01   0.16009
  0.23146309E+08   9.99131   4.18743   4.25703   3.23170  -2.70052  -3.35047  -3.84664 0.41774E+01   0.15900
  0.23147163E+08   9.99131   4.18930   4.25191   3.20932  -2.70980  -3.36067  -3.85782 0.42606E+01   0.15795
  0.23148008E+08   9.99131   4.19101   4.24677   3.18708  -2.71890  -3.37071  -3.86881 0.43451E+01   0.15693
  0.23148843E+08   9.99131   4.19253   4.24163   3.16498  -2.72781  -3.38058  -3.87961 0.44309E+01   0.15594
  0.23149667E+08   9.99130   4.19389   4.23648   3.14301  -2.73656  -3.39029  -3.89022 0.45178E+01   0.15497
  0.23150479E+08   9.99130   4.19509   4.23131   3.12115  -2.74513  -3.39984  -3.90063 0.46060E+01   0.15403
  0.23151281E+08   9.99130   4.19612   4.22614   3.09941  -2.75355  -3.40925  -3.91085 0.46956E+01   0.15312
  0.23152070E+08   9.99130   4.19700   4.22095   3.07778  -2.76183  -3.41851  -3.92088 0.47868E+01   0.15223
  0.23152848E+08   9.99130   4.19774   4.21575   3.05626  -2.76996  -3.42764  -3.93073 0.48792E+01   0.15136
  0.23153613E+08   9.99130   4.19834   4.21054   3.03483  -2.77797  -3.43662  -3.94038 0.49731E+01   0.15052
  0.23154365E+08   9.99129   4.19881   4.20533   3.01349  -2.78585  -3.44548  -3.94986 0.50686E+01   0.14969
  0.23155104E+08   9.99129   4.19915   4.20010   2.99225  -2.79363  -3.45423  -3.95916 0.51656E+01   0.14889
  0.23155830E+08   9.99129   4.19938   4.19487   2.97109  -2.80128  -3.46284  -3.96826 0.52641E+01   0.14810
  0.23156542E+08   9.99129   4.19948   4.18963   2.95002  -2.80884  -3.47134  -3.97718 0.53643E+01   0.14733
  0.23157241E+08   9.99129   4.19948   4.18438   2.92903  -2.81630  -3.47973  -3.98591 0.54663E+01   0.14658
  0.23157927E+08   9.99129   4.19939   4.17913   2.90812  -2.82366  -3.48798  -3.99444 0.55699E+01   0.14584
  0.23158598E+08   9.99129   4.19918   4.17387   2.88729  -2.83093  -3.49612  -4.00277 0.56752E+01   0.14512
  0.23159256E+08   9.99128   4.19888   4.16860   2.86653  -2.83812  -3.50414  -4.01090 0.57823E+01   0.14441
  0.23159901E+08   9.99128   4.19848   4.16333   2.84584  -2.84522  -3.51206  -4.01884 0.58911E+01   0.14372
  0.23160531E+08   9.99128   4.19800   4.15806   2.82523  -2.85224  -3.51984  -4.02655 0.60019E+01   0.14304
  0.23161149E+08   9.99128   4.19743   4.15278   2.80469  -2.85920  -3.52752  -4.03406 0.61146E+01   0.14237
  0.23161753E+08   9.99128   4.19678   4.14750   2.78422  -2.86608  -3.53508  -4.04137 0.62292E+01   0.14172
  0.23162343E+08   9.99128   4.19606   4.14222   2.76381  -2.87288  -3.54251  -4.04844 0.63457E+01   0.14107
  0.23162921E+08   9.99127   4.19526   4.13693   2.74347  -2.87962  -3.54982  -4.05529 0.64644E+01   0.14044
  0.23163485E+08   9.99127   4.19438   4.13165   2.72320  -2.88628  -3.55698  -4.06190 0.65850E+01   0.13982
  0.23164037E+08   9.99127   4.19343   4.12635   2.70298  -2.89287  -3.56402  -4.06827 0.67076E+01   0.13920
  0.23164576E+08   9.99127   4.19241   4.12106   2.68283  -2.89939  -3.57091  -4.07439 0.68322E+01   0.13860
  0.23165103E+08   9.99127   4.19133   4.11577   2.66275  -2.90584  -3.57768  -4.08027 0.69590E+01   0.13801
  0.23165618E+08   9.99127   4.19018   4.11047   2.64272  -2.91222  -3.58428  -4.08589 0.70881E+01   0.13743
  0.23166120E+08   9.99126   4.18896   4.10518   2.62275  -2.91854  -3.59075  -4.09125 0.72194E+01   0.13685
  0.23166611E+08   9.99126   4.18769   4.09988   2.60283  -2.92478  -3.59705  -4.09634 0.73530E+01   0.13629
  0.23167090E+08   9.99126   4.18636   4.09459   2.58298  -2.93094  -3.60319  -4.10116 0.74888E+01   0.13573
  0.23167558E+08   9.99126   4.18498   4.08929   2.56318  -2.93705  -3.60918  -4.10572 0.76270E+01   0.13518
  0.23168015E+08   9.99126   4.18354   4.08399   2.54342  -2.94308  -3.61501  -4.11002 0.77676E+01   0.13463
  0.23168461E+08   9.99126   4.18205   4.07870   2.52372  -2.94905  -3.62068  -4.11404 0.79105E+01   0.13409
  0.23168896E+08   9.99125   4.18051   4.07340   2.50406  -2.95495  -3.62617  -4.11779 0.80561E+01   0.13356
  0.23169321E+08   9.99125   4.17893   4.06810   2.48446  -2.96077  -3.63148  -4.12126 0.82041E+01   0.13304
  0.23169736E+08   9.99125   4.17730   4.06280   2.46491  -2.96653  -3.63662  -4.12446 0.83551E+01   0.13251
  0.23170141E+08   9.99125   4.17563   4.05751   2.44539  -2.97220  -3.64157  -4.12737 0.85084E+01   0.13200
  0.23170536E+08   9.99125   4.17392   4.05221   2.42593  -2.97779  -3.64632  -4.12999 0.86645E+01   0.13149
  0.23170922E+08   9.99125   4.17216   4.04692   2.40651  -2.98332  -3.65091  -4.13237 0.88233E+01   0.13098
  0.23171298E+08   9.99125   4.17037   4.04162   2.38711  -2.98875  -3.65527  -4.13443 0.89849E+01   0.13048
  0.23171665E+08   9.99124   4.16854   4.03633   2.36777  -2.99410  -3.65944  -4.13622 0.91494E+01   0.12999
  0.23172024E+08   9.99124   4.16667   4.03104   2.34847  -2.99935  -3.66340  -4.13773 0.93169E+01   0.12949
  0.23172374E+08   9.99124   4.16477   4.02575   2.32921  -3.00453  -3.66716  -4.13898 0.94877E+01   0.12900
  0.23172715E+08   9.99124   4.16284   4.02046   2.30997  -3.00961  -3.67071  -4.13995 0.96615E+01   0.12852
  0.23173049E+08   9.99124   4.16088   4.01516   2.29077  -3.01459  -3.67404  -4.14064 0.98383E+01   0.12803
  0.23173374E+08   9.99124   4.15889   4.00987   2.27160  -3.01947  -3.67715  -4.14106 0.10018E+02   0.12755
  0.23173692E+08   9.99124   4.15687   4.00459   2.25247  -3.02424  -3.68003  -4.14121 0.10201E+02   0.12708
  0.23174002E+08   9.99123   4.15483   3.99930   2.23337  -3.02891  -3.68268  -4.14109 0.10388E+02   0.12661
  0.23174304E+08   9.99123   4.15275   3.99402   2.21430  -3.03343  -3.68507  -4.14067 0.10578E+02   0.12614
  0.23174600E+08   9.99123   4.15066   3.98873   2.19527  -3.03784  -3.68722  -4.13998 0.10772E+02   0.12567
  0.23174888E+08   9.99123   4.14854   3.98345   2.17625  -3.04209  -3.68910  -4.13899 0.10969E+02   0.12521
  0.23175170E+08   9.99123   4.14639   3.97817   2.15728  -3.04622  -3.69073  -4.13772 0.11170E+02   0.12475
  0.23175445E+08   9.99123   4.14422   3.97289   2.13833  -3.05018  -3.69208  -4.13616 0.11374E+02   0.12430
  0.23175713E+08   9.99123   4.14203   3.96761   2.11941  -3.05399  -3.69316  -4.13431 0.11582E+02   0.12384
  0.23175975E+08   9.99122   4.13982   3.96233   2.10051  -3.05759  -3.69391  -4.13212 0.11794E+02   0.12340
  0.23176231E+08   9.99122   4.13759   3.95706   2.08165  -3.06101  -3.69435  -4.12961 0.12010E+02   0.12296
  0.23176482E+08   9.99122   4.13534   3.95179   2.06282  -3.06419  -3.69443  -4.12672 0.12229E+02   0.12253
  0.23176726E+08   9.99122   4.13307   3.94653   2.04403  -3.06714  -3.69416  -4.12346 0.12453E+02   0.12210
  0.23176965E+08   9.99122   4.13078   3.94127   2.02527  -3.06982  -3.69349  -4.11979 0.12680E+02   0.12168
  0.23177199E+08   9.99122   4.12847   3.93601   2.00655  -3.07224  -3.69243  -4.11571 0.12912E+02   0.12127
  0.23177427E+08   9.99122   4.12615   3.93075   1.98786  -3.07435  -3.69092  -4.11117 0.13148E+02   0.12087
  0.23177651E+08   9.99122   4.12380   3.92550   1.96921  -3.07616  -3.68900  -4.10620 0.13387E+02   0.12048
  0.23177869E+08   9.99121   4.12142   3.92026   1.95059  -3.07765  -3.68663  -4.10076 0.13631E+02   0.12010
  0.23178083E+08   9.99121   4.11903   3.91501   1.93200  -3.07880  -3.68377  -4.09481 0.13880E+02   0.11972
  0.23178292E+08   9.99121   4.11661   3.90977   1.91344  -3.07956  -3.68042  -4.08833 0.14132E+02   0.11937
  0.23178497E+08   9.99121   4.11418   3.90453   1.89493  -3.07994  -3.67654  -4.08130 0.14389E+02   0.11902
  0.23178698E+08   9.99121   4.11172   3.89930   1.87646  -3.07994  -3.67217  -4.07378 0.14650E+02   0.11869
  0.23178894E+08   9.99121   4.10924   3.89406   1.85800  -3.07959  -3.66735  -4.06578 0.14916E+02   0.11836
  0.23179087E+08   9.99121   4.10673   3.88882   1.83956  -3.07887  -3.66207  -4.05733 0.15188E+02   0.11805
  0.23179275E+08   9.99121   4.10419   3.88358   1.82113  -3.07778  -3.65633  -4.04843 0.15464E+02   0.11775
  0.23179459E+08   9.99120   4.10163   3.87834   1.80273  -3.07634  -3.65018  -4.03912 0.15745E+02   0.11746
  0.23179639E+08   9.99120   4.09905   3.87310   1.78434  -3.07450  -3.64357  -4.02937 0.16032E+02   0.11718
  0.23179815E+08   9.99120   4.09643   3.86786   1.76599  -3.07230  -3.63654  -4.01920 0.16324E+02   0.11691
  0.23179988E+08   9.99120   4.09379   3.86261   1.74765  -3.06981  -3.62920  -4.00877 0.16622E+02   0.11665
  0.23180156E+08   9.99120   4.09113   3.85736   1.72931  -3.06699  -3.62152  -3.99804 0.16925E+02   0.11640
  0.23180321E+08   9.99120   4.08843   3.85211   1.71098  -3.06383  -3.61350  -3.98701 0.17234E+02   0.11617
  0.23180482E+08   9.99120   4.08571   3.84685   1.69268  -3.06035  -3.60515  -3.97568 0.17548E+02   0.11594
  0.23180639E+08   9.99120   4.08296   3.84159   1.67440  -3.05654  -3.59648  -3.96407 0.17868E+02   0.11572
  0.23180792E+08   9.99119   4.08018   3.83634   1.65616  -3.05239  -3.58749  -3.95219 0.18194E+02   0.11552
  0.23180942E+08   9.99119   4.07737   3.83108   1.63795  -3.04790  -3.57818  -3.94001 0.18526E+02   0.11533
  0.23181089E+08   9.99119   4.07452   3.82583   1.61979  -3.04304  -3.56852  -3.92751 0.18863E+02   0.11516
  0.23181232E+08   9.99119   4.07164   3.82058   1.60167  -3.03782  -3.55851  -3.91469 0.19205E+02   0.11500
  0.23181372E+08   9.99119   4.06872   3.81533   1.58360  -3.03219  -3.54812  -3.90148 0.19553E+02   0.11486
  0.23181508E+08   9.99119   4.06577   3.81009   1.56560  -3.02620  -3.53738  -3.88796 0.19907E+02   0.11473
  0.23181642E+08   9.99119   4.06276   3.80485   1.54764  -3.01984  -3.52631  -3.87411 0.20266E+02   0.11463
  0.23181773E+08   9.99119   4.05972   3.79961   1.52972  -3.01300  -3.51475  -3.85974 0.20630E+02   0.11455
  0.23181898E+08   9.99119   4.05663   3.79439   1.51192  -3.00593  -3.50308  -3.84533 0.20992E+02   0.11449
  0.23182019E+08   9.99118   4.05355   3.78928   1.49454  -2.99864  -3.49130  -3.83087 0.21357E+02   0.11444
  0.23182139E+08   9.99118   4.05045   3.78421   1.47738  -2.99067  -3.47873  -3.81551 0.21730E+02   0.11443
  0.23182258E+08   9.99118   4.04726   3.77909   1.46008  -2.98241  -3.46594  -3.79995 0.22114E+02   0.11443
  0.23182374E+08   9.99118   4.04397   3.77391   1.44264  -2.97341  -3.45229  -3.78341 0.22502E+02   0.11447
  0.23182488E+08   9.99118   4.04062   3.76874   1.42532  -2.96401  -3.43825  -3.76645 0.22897E+02   0.11453
  0.23182601E+08   9.99118   4.03718   3.76355   1.40800  -2.95409  -3.42368  -3.74892 0.23297E+02   0.11463
  0.23182711E+08   9.99118   4.03367   3.75836   1.39077  -2.94360  -3.40851  -3.73069 0.23702E+02   0.11475
  0.23182818E+08   9.99118   4.03008   3.75319   1.37365  -2.93266  -3.39290  -3.71201 0.24112E+02   0.11491
  0.23182924E+08   9.99118   4.02641   3.74800   1.35659  -2.92096  -3.37639  -3.69225 0.24523E+02   0.11511
  0.23183027E+08   9.99118   4.02267   3.74285   1.33973  -2.90869  -3.35931  -3.67186 0.24939E+02   0.11535
  0.23183129E+08   9.99117   4.01882   3.73771   1.32299  -2.89564  -3.34137  -3.65049 0.25356E+02   0.11566
  0.23183229E+08   9.99117   4.01484   3.73258   1.30646  -2.88191  -3.32271  -3.62829 0.25778E+02   0.11601
  0.23183327E+08   9.99117   4.01075   3.72745   1.29005  -2.86712  -3.30275  -3.60455 0.26197E+02   0.11644
  0.23183424E+08   9.99117   4.00654   3.72237   1.27393  -2.85207  -3.28263  -3.58069 0.26625E+02   0.11689
  0.23183518E+08   9.99117   4.00221   3.71724   1.25774  -2.83612  -3.26147  -3.55565 0.27053E+02   0.11741
  0.23183612E+08   9.99117   3.99775   3.71214   1.24179  -2.81917  -3.23913  -3.52923 0.27480E+02   0.11801
  0.23183703E+08   9.99117   3.99316   3.70708   1.22614  -2.80150  -3.21603  -3.50198 0.27908E+02   0.11867
  0.23183794E+08   9.99117   3.98843   3.70202   1.21065  -2.78270  -3.19161  -3.47324 0.28332E+02   0.11941
  0.23183883E+08   9.99117   3.98353   3.69700   1.19546  -2.76270  -3.16581  -3.44296 0.28751E+02   0.12025
  0.23183971E+08   9.99117   3.97846   3.69202   1.18061  -2.74106  -3.13809  -3.41056 0.29160E+02   0.12122
  0.23184059E+08   9.99117   3.97319   3.68711   1.16625  -2.71710  -3.10761  -3.37511 0.29550E+02   0.12235
  0.23184163E+08   9.99116   3.96772   3.68234   1.15262  -2.68373  -3.06556  -3.32661 0.29975E+02   0.12406
  0.23184289E+08   9.99116   3.96073   3.67684   1.13760  -2.63620  -3.00651  -3.25938 0.30405E+02   0.12669
  0.23184398E+08   9.99116   3.95178   3.67071   1.12206  -2.58910  -2.94904  -3.19500 0.30688E+02   0.12953
  0.23184503E+08   9.99116   3.94371   3.66598   1.11119  -2.54010  -2.89042  -3.13041 0.30901E+02   0.13271
  0.23184628E+08   9.99116   3.93550   3.66174   1.10246  -2.47703  -2.81676  -3.05077 0.31067E+02   0.13717
  0.23184779E+08   9.99116   3.92504   3.65711   1.09441  -2.39904  -2.72875  -2.95802 0.31150E+02   0.14339
  0.23184916E+08   9.99116   3.91226   3.65229   1.08789  -2.33643  -2.66212  -2.89043 0.31157E+02   0.14933
  0.23185080E+08   9.99116   3.90376   3.64914   1.08380  -2.27244  -2.59841  -2.82844 0.31087E+02   0.15668
  0.23185277E+08   9.99115   3.89574   3.64644   1.08100  -2.19367  -2.52095  -2.75360 0.30861E+02   0.16662
  0.23185513E+08   9.99115   3.88358   3.64351   1.08143  -2.09818  -2.42767  -2.66377 0.30543E+02   0.17981
  0.23185797E+08   9.99115   3.86813   3.64005   1.08307  -1.98263  -2.31535  -2.55571 0.30183E+02   0.19740
  0.23186054E+08   9.99115   3.85078   3.63599   1.08416  -1.88187  -2.21769  -2.46170 0.30066E+02   0.21414
  0.23186363E+08   9.99114   3.84010   3.63204   1.07904  -1.76338  -2.10348  -2.35179 0.30158E+02   0.23564
  0.23186733E+08   9.99114   3.83353   3.62710   1.06585  -1.63458  -1.98023  -2.23307 0.31065E+02   0.26123
  0.23186892E+08   9.99114   3.84395   3.62008   1.02734  -1.59186  -1.93918  -2.19303 0.32047E+02   0.27014
  0.23187063E+08   9.99114   3.86214   3.61664   0.99539  -1.54963  -1.89878  -2.15354 0.33298E+02   0.27925
  0.23187213E+08   9.99114   3.88486   3.61270   0.95692  -1.51782  -1.86824  -2.12339 0.34687E+02   0.28628
  0.23187343E+08   9.99113   3.90942   3.60888   0.91709  -1.49424  -1.84532  -2.10041 0.36150E+02   0.29154
  0.23187455E+08   9.99113   3.93480   3.60538   0.87772  -1.47692  -1.82820  -2.08290 0.37607E+02   0.29541
  0.23187553E+08   9.99113   3.95934   3.60223   0.84058  -1.46384  -1.81497  -2.06907 0.39021E+02   0.29831
  0.23187641E+08   9.99113   3.98237   3.59941   0.80625  -1.45342  -1.80420  -2.05758 0.40383E+02   0.30059
  0.23187722E+08   9.99113   4.00389   3.59687   0.77457  -1.44476  -1.79501  -2.04759 0.41700E+02   0.30245
  0.23187800E+08   9.99113   4.02421   3.59458   0.74509  -1.43726  -1.78690  -2.03863 0.42987E+02   0.30403
  0.23187875E+08   9.99113   4.04339   3.59242   0.71729  -1.43054  -1.77947  -2.03030 0.44252E+02   0.30542
  0.23187950E+08   9.99112   4.06178   3.59042   0.69088  -1.42433  -1.77248  -2.02238 0.45501E+02   0.30669
  0.23188039E+08   9.99112   4.07951   3.58853   0.66560  -1.41756  -1.76476  -2.01354 0.46960E+02   0.30805
  0.23188147E+08   9.99112   4.09948   3.58639   0.63707  -1.41022  -1.75625  -2.00372 0.48618E+02   0.30949
  0.23188243E+08   9.99112   4.12144   3.58406   0.60580  -1.40420  -1.74920  -1.99553 0.50017E+02   0.31067
  0.23188359E+08   9.99111   4.13944   3.58220   0.58034  -1.39777  -1.74165  -1.98675 0.51539E+02   0.31192
  0.23188497E+08   9.99111   4.15828   3.58022   0.55357  -1.39099  -1.73369  -1.97751 0.53132E+02   0.31325
  0.23188628E+08   9.99110   4.17734   3.57822   0.52653  -1.38545  -1.72722  -1.97002 0.54453E+02   0.31434
  0.23188785E+08   9.99110   4.19237   3.57657   0.50489  -1.37969  -1.72043  -1.96215 0.55789E+02   0.31546
  0.23188973E+08   9.99109   4.20750   3.57506   0.48373  -1.37415  -1.71395  -1.95465 0.57110E+02   0.31656
  0.23189199E+08   9.99108   4.22165   3.57357   0.46361  -1.36868  -1.70762  -1.94740 0.58350E+02   0.31766
  0.23189470E+08   9.99107   4.23453   3.57226   0.44549  -1.36348  -1.70174  -1.94073 0.59499E+02   0.31874
  0.23189795E+08   9.99106   4.24580   3.57110   0.42957  -1.35861  -1.69626  -1.93457 0.60566E+02   0.31976
  0.23190186E+08   9.99104   4.25573   3.57011   0.41569  -1.35408  -1.69128  -1.92902 0.61561E+02   0.32075
  0.23190654E+08   9.99101   4.26424   3.56923   0.40367  -1.34971  -1.68657  -1.92384 0.62512E+02   0.32172
  0.23191216E+08   9.99099   4.27171   3.56847   0.39316  -1.34545  -1.68200  -1.91885 0.63487E+02   0.32268
  0.23191891E+08   9.99095   4.27869   3.56776   0.38333  -1.34098  -1.67727  -1.91373 0.64539E+02   0.32370
  0.23192700E+08   9.99091   4.28557   3.56705   0.37359  -1.33612  -1.67215  -1.90819 0.65725E+02   0.32482
  0.23193671E+08   9.99086   4.29288   3.56627   0.36320  -1.33065  -1.66640  -1.90199 0.67096E+02   0.32608
  0.23194837E+08   9.99079   4.30100   3.56543   0.35168  -1.32453  -1.65994  -1.89499 0.68679E+02   0.32749
  0.23196236E+08   9.99071   4.31021   3.56446   0.33862  -1.31749  -1.65246  -1.88685 0.70288E+02   0.32910
  0.23197355E+08   9.99064   4.32048   3.56373   0.32542  -1.31219  -1.64700  -1.88104 0.71413E+02   0.33037
  0.23198250E+08   9.99059   4.32762   3.56311   0.31578  -1.30859  -1.64341  -1.87727 0.72311E+02   0.33125
  0.23198999E+08   9.99054   4.33270   3.56224   0.30722  -1.30533  -1.64002  -1.87364 0.72840E+02   0.33203
  0.23199698E+08   9.99050   4.33687   3.56205   0.30227  -1.30290  -1.63755  -1.87102 0.73337E+02   0.33262
  0.23200375E+08   9.99045   4.34025   3.56164   0.29729  -1.30076  -1.63528  -1.86854 0.73738E+02   0.33312
  0.23201188E+08   9.99040   4.34342   3.56142   0.29321  -1.29873  -1.63313  -1.86622 0.74161E+02   0.33359
  0.23202163E+08   9.99033   4.34650   3.56109   0.28881  -1.29679  -1.63100  -1.86385 0.74581E+02   0.33402
  0.23203333E+08   9.99025   4.34976   3.56081   0.28443  -1.29499  -1.62907  -1.86172 0.74976E+02   0.33442
  0.23204737E+08   9.99016   4.35269   3.56052   0.28035  -1.29335  -1.62725  -1.85970 0.75363E+02   0.33479
  0.23206422E+08   9.99004   4.35553   3.56027   0.27649  -1.29194  -1.62566  -1.85791 0.75751E+02   0.33509
  0.23208444E+08   9.98990   4.35816   3.56003   0.27289  -1.29079  -1.62435  -1.85641 0.76126E+02   0.33533
  0.23210870E+08   9.98973   4.36042   3.55983   0.26984  -1.29000  -1.62339  -1.85530 0.76493E+02   0.33549
  0.23213782E+08   9.98952   4.36223   3.55968   0.26742  -1.28965  -1.62291  -1.85469 0.76848E+02   0.33554
  0.23217276E+08   9.98927   4.36345   3.55960   0.26586  -1.28982  -1.62295  -1.85464 0.77200E+02   0.33546
  0.23221468E+08   9.98897   4.36402   3.55958   0.26520  -1.29038  -1.62344  -1.85509 0.77542E+02   0.33531
  0.23226499E+08   9.98862   4.36392   3.55963   0.26551  -1.29125  -1.62427  -1.85593 0.77904E+02   0.33508
  0.23232537E+08   9.98819   4.36330   3.55974   0.26653  -1.29237  -1.62538  -1.85706 0.78300E+02   0.33481
  0.23239782E+08   9.98767   4.36232   3.55989   0.26810  -1.29382  -1.62685  -1.85861 0.78822E+02   0.33446
  0.23248475E+08   9.98706   4.36107   3.55985   0.26915  -1.29535  -1.62839  -1.86021 0.79340E+02   0.33408
  0.23258908E+08   9.98633   4.35962   3.55999   0.27115  -1.29704  -1.63007  -1.86196 0.79889E+02   0.33367
  0.23271427E+08   9.98545   4.35794   3.56023   0.27378  -1.29893  -1.63198  -1.86395 0.80474E+02   0.33321
  0.23286450E+08   9.98441   4.35596   3.56053   0.27690  -1.30109  -1.63416  -1.86624 0.81098E+02   0.33269
  0.23304477E+08   9.98318   4.35362   3.56088   0.28057  -1.30356  -1.63669  -1.86890 0.81754E+02   0.33210
  0.23326110E+08   9.98171   4.35083   3.56127   0.28490  -1.30654  -1.63980  -1.87223 0.82564E+02   0.33140
  0.23352070E+08   9.97998   4.34748   3.56141   0.28873  -1.30961  -1.64298  -1.87561 0.83149E+02   0.33068
  0.23383221E+08   9.97793   4.34347   3.56223   0.29595  -1.31325  -1.64681  -1.87973 0.83856E+02   0.32984
  0.23408982E+08   9.97627   4.33856   3.56279   0.30302  -1.31646  -1.65024  -1.88347 0.84367E+02   0.32911
  0.23432363E+08   9.97479   4.33403   3.56325   0.30930  -1.31953  -1.65360  -1.88717 0.84856E+02   0.32844
  0.23460420E+08   9.97303   4.32978   3.56338   0.31402  -1.32266  -1.65698  -1.89087 0.85154E+02   0.32774
  0.23494088E+08   9.97097   4.32486   3.56398   0.32124  -1.32632  -1.66095  -1.89522 0.85298E+02   0.32692
  0.23521776E+08   9.96932   4.31880   3.56490   0.33092  -1.33015  -1.66521  -1.89998 0.85507E+02   0.32611
  0.23546801E+08   9.96786   4.31295   3.56518   0.33781  -1.33336  -1.66872  -1.90385 0.85466E+02   0.32540
  0.23568891E+08   9.96659   4.30746   3.56585   0.34593  -1.33623  -1.67184  -1.90729 0.85304E+02   0.32477
  0.23589309E+08   9.96545   4.30247   3.56666   0.35410  -1.33909  -1.67498  -1.91076 0.85223E+02   0.32415
  0.23613809E+08   9.96410   4.29780   3.56713   0.36059  -1.34229  -1.67847  -1.91460 0.85073E+02   0.32344
  0.23643210E+08   9.96252   4.29247   3.56776   0.36839  -1.34617  -1.68266  -1.91921 0.84818E+02   0.32258
  0.23669405E+08   9.96115   4.28620   3.56861   0.37799  -1.35003  -1.68685  -1.92381 0.84608E+02   0.32173
  0.23700839E+08   9.95953   4.28015   3.56919   0.38627  -1.35456  -1.69172  -1.92912 0.84301E+02   0.32072
  0.23738560E+08   9.95765   4.27312   3.56995   0.39628  -1.36005  -1.69756  -1.93545 0.83929E+02   0.31948
  0.23770849E+08   9.95609   4.26488   3.57079   0.40782  -1.36530  -1.70310  -1.94144 0.83482E+02   0.31829
  0.23800922E+08   9.95468   4.25726   3.57172   0.41908  -1.37066  -1.70878  -1.94759 0.83173E+02   0.31708
  0.23828347E+08   9.95343   4.25007   3.57224   0.42828  -1.37529  -1.71352  -1.95261 0.82658E+02   0.31599
  0.23853489E+08   9.95232   4.24362   3.57333   0.43904  -1.37990  -1.71828  -1.95766 0.82342E+02   0.31492
  0.23883661E+08   9.95101   4.23777   3.57390   0.44713  -1.38513  -1.72360  -1.96324 0.81908E+02   0.31368
  0.23919866E+08   9.94948   4.23134   3.57481   0.45712  -1.39151  -1.73006  -1.97002 0.81455E+02   0.31218
  0.23963312E+08   9.94770   4.22421   3.57577   0.46804  -1.39910  -1.73762  -1.97783 0.81042E+02   0.31036
  0.24015448E+08   9.94562   4.21626   3.57665   0.47944  -1.40849  -1.74689  -1.98734 0.80571E+02   0.30808
  0.24061899E+08   9.94384   4.20750   3.57777   0.49260  -1.41763  -1.75577  -1.99633 0.80154E+02   0.30584
  0.24106483E+08   9.94218   4.19980   3.57883   0.50446  -1.42686  -1.76464  -2.00523 0.79785E+02   0.30356
  0.24148487E+08   9.94066   4.19294   3.57990   0.51550  -1.43592  -1.77332  -2.01389 0.79574E+02   0.30131
  0.24198891E+08   9.93888   4.18704   3.58063   0.52428  -1.44653  -1.78338  -2.02384 0.79409E+02   0.29867
  0.24259377E+08   9.93679   4.18110   3.58147   0.53348  -1.45890  -1.79488  -2.03500 0.79218E+02   0.29554
  0.24331959E+08   9.93435   4.17531   3.58270   0.54409  -1.47385  -1.80879  -2.04848 0.79284E+02   0.29176
  0.24419058E+08   9.93149   4.16984   3.58364   0.55322  -1.49137  -1.82478  -2.06369 0.79395E+02   0.28728
  0.24523577E+08   9.92813   4.16516   3.58507   0.56350  -1.51174  -1.84339  -2.08136 0.79972E+02   0.28211
  0.24649000E+08   9.92416   4.16165   3.58601   0.57063  -1.53314  -1.86273  -2.09947 0.80913E+02   0.27665
  0.24799507E+08   9.91945   4.16002   3.58704   0.57621  -1.54982  -1.87759  -2.11319 0.82465E+02   0.27234
  0.24980115E+08   9.91380   4.16072   3.58774   0.57808  -1.55094  -1.87821  -2.11342 0.84939E+02   0.27194
  0.25127110E+08   9.90914   4.16397   3.58740   0.57323  -1.54097  -1.86871  -2.10409 0.87440E+02   0.27431
  0.25244706E+08   9.90534   4.16812   3.58670   0.56608  -1.52366  -1.85253  -2.08843 0.90262E+02   0.27855
  0.25338783E+08   9.89403   4.17359   3.58552   0.55573  -1.49526  -1.82594  -2.06264 0.94924E+02   0.28556
  0.25376414E+08   9.88897   4.18374   3.58334   0.53638  -1.48215  -1.81359  -2.05054 0.97758E+02   0.28881
  0.25406518E+08   9.88463   4.18996   3.58197   0.52445  -1.46985  -1.80185  -2.03892 0.10064E+03   0.29183
  0.25430602E+08   9.88091   4.19678   3.58080   0.51274  -1.45793  -1.79038  -2.02747 0.10376E+03   0.29474
  0.25449869E+08   9.87767   4.20436   3.57961   0.50024  -1.44594  -1.77873  -2.01572 0.10728E+03   0.29766
  0.25465282E+08   9.87484   4.21304   3.57829   0.48615  -1.43315  -1.76615  -2.00291 0.11149E+03   0.30074
  0.25477613E+08   9.87232   4.22355   3.57680   0.46956  -1.41781  -1.75083  -1.98710 0.11725E+03   0.30439
  0.25483127E+08   9.87101   4.23797   3.57494   0.44756  -1.40834  -1.74130  -1.97720 0.12154E+03   0.30663
  0.25486436E+08   9.87013   4.24790   3.57351   0.43186  -1.40062  -1.73338  -1.96885 0.12523E+03   0.30843
  0.25490407E+08   9.86899   4.25644   3.57254   0.41940  -1.38636  -1.71854  -1.95305 0.13287E+03   0.31170
  0.25492789E+08   9.86817   4.27388   3.57059   0.39411  -1.37470  -1.70618  -1.93970 0.14047E+03   0.31432
  0.25494695E+08   9.86740   4.28972   3.56877   0.37097  -1.36299  -1.69347  -1.92578 0.14928E+03   0.31689
  0.25496219E+08   9.86667   4.30734   3.56675   0.34525  -1.35345  -1.68283  -1.91391 0.15702E+03   0.31891
  0.25497439E+08   9.86597   4.32322   3.56512   0.32280  -1.34750  -1.67602  -1.90623 0.16225E+03   0.32013
  0.25498415E+08   9.86535   4.33423   3.56406   0.30754  -1.34445  -1.67242  -1.90208 0.16526E+03   0.32072
  0.25499196E+08   9.86483   4.34011   3.56336   0.29881  -1.34380  -1.67162  -1.90114 0.16702E+03   0.32084
  0.25499833E+08   9.86438   4.34228   3.56261   0.29363  -1.34361  -1.67126  -1.90064 0.16750E+03   0.32084
  0.25500422E+08   9.86397   4.34292   3.56283   0.29384  -1.34455  -1.67228  -1.90175 0.16767E+03   0.32064
  0.25500989E+08   9.86358   4.34180   3.56283   0.29494  -1.34579  -1.67361  -1.90320 0.16741E+03   0.32036
  0.25501549E+08   9.86321   4.33994   3.56311   0.29792  -1.34749  -1.67551  -1.90531 0.16697E+03   0.32000
  0.25502221E+08   9.86277   4.33726   3.56339   0.30168  -1.34977  -1.67805  -1.90814 0.16625E+03   0.31952
  0.25503028E+08   9.86226   4.33345   3.56382   0.30721  -1.35259  -1.68124  -1.91172 0.16534E+03   0.31893
  0.25503995E+08   9.86167   4.32856   3.56434   0.31414  -1.35568  -1.68475  -1.91568 0.16434E+03   0.31829
  0.25505156E+08   9.86101   4.32302   3.56494   0.32207  -1.35858  -1.68810  -1.91948 0.16344E+03   0.31771
  0.25506550E+08   9.86026   4.31748   3.56552   0.32990  -1.36063  -1.69056  -1.92234 0.16289E+03   0.31732
  0.25508222E+08   9.85941   4.31296   3.56599   0.33627  -1.36093  -1.69114  -1.92316 0.16309E+03   0.31733
  0.25510228E+08   9.85840   4.31082   3.56614   0.33897  -1.35826  -1.68850  -1.92044 0.16458E+03   0.31798
  0.25512636E+08   9.85715   4.31317   3.56580   0.33519  -1.35138  -1.68115  -1.91248 0.16820E+03   0.31952
  0.25515526E+08   9.85551   4.32266   3.56461   0.32092  -1.33982  -1.66832  -1.89823 0.17466E+03   0.32200
  0.25517259E+08   9.85432   4.34116   3.56256   0.29413  -1.33230  -1.65977  -1.88862 0.17922E+03   0.32355
  0.25519340E+08   9.85269   4.35400   3.56119   0.27574  -1.32325  -1.64933  -1.87678 0.18465E+03   0.32539
  0.25520588E+08   9.85155   4.37017   3.56012   0.25522  -1.31804  -1.64324  -1.86984 0.18844E+03   0.32643
  0.25522086E+08   9.85003   4.37959   3.55895   0.24109  -1.31202  -1.63615  -1.86172 0.19308E+03   0.32762
  0.25523883E+08   9.84799   4.39060   3.55758   0.22451  -1.30536  -1.62828  -1.85270 0.19865E+03   0.32892
  0.25526040E+08   9.84520   4.40317   3.55604   0.20572  -1.29783  -1.61929  -1.84237 0.20521E+03   0.33037
  0.25527335E+08   9.84327   4.41731   3.55447   0.18518  -1.29347  -1.61406  -1.83633 0.20901E+03   0.33121
  0.25528888E+08   9.84075   4.42545   3.55378   0.17419  -1.28839  -1.60793  -1.82924 0.21351E+03   0.33217
  0.25530751E+08   9.83744   4.43469   3.55304   0.16187  -1.28294  -1.60135  -1.82165 0.21953E+03   0.33320
  0.25532987E+08   9.83300   4.44514   3.55161   0.14554  -1.27633  -1.59330  -1.81233 0.22617E+03   0.33443
  0.25533658E+08   9.83149   4.45720   3.55071   0.12968  -1.27442  -1.59098  -1.80963 0.22835E+03   0.33479
  0.25534463E+08   9.82962   4.46068   3.55031   0.12455  -1.27220  -1.58826  -1.80649 0.23089E+03   0.33520
  0.25535430E+08   9.82728   4.46479   3.54991   0.11877  -1.26961  -1.58509  -1.80282 0.23404E+03   0.33568
  0.25536589E+08   9.82432   4.46958   3.54939   0.11177  -1.26653  -1.58132  -1.79845 0.23781E+03   0.33625
  0.25537622E+08   9.82153   4.47522   3.54883   0.10376  -1.26386  -1.57805  -1.79466 0.24129E+03   0.33674
  0.25538613E+08   9.81872   4.48012   3.54830   0.09662  -1.26157  -1.57527  -1.79146 0.24510E+03   0.33716
  0.25539803E+08   9.81517   4.48463   3.54739   0.08835  -1.25840  -1.57135  -1.78691 0.24899E+03   0.33774
  0.25541230E+08   9.81067   4.49015   3.54705   0.08130  -1.25500  -1.56717  -1.78207 0.25420E+03   0.33836
  0.25542944E+08   9.80490   4.49641   3.54623   0.07159  -1.25083  -1.56202  -1.77609 0.26028E+03   0.33912
  0.25544999E+08   9.79742   4.50381   3.54562   0.06149  -1.24603  -1.55609  -1.76922 0.26807E+03   0.33999
  0.25547466E+08   9.78762   4.51235   3.54475   0.04914  -1.24036  -1.54907  -1.76108 0.27783E+03   0.34101
  0.25550427E+08   9.77458   4.52229   3.54392   0.03546  -1.23376  -1.54092  -1.75166 0.29122E+03   0.34220
  0.25552795E+08   9.76280   4.53380   3.54251   0.01771  -1.22845  -1.53432  -1.74400 0.30278E+03   0.34315
  0.25554689E+08   9.75244   4.54279   3.54175   0.00514  -1.22441  -1.52934  -1.73827 0.31372E+03   0.34388
  0.25556205E+08   9.74350   4.54971   3.54068  -0.00652  -1.22106  -1.52521  -1.73352 0.32310E+03   0.34448
  0.25557418E+08   9.73592   4.55522   3.54004  -0.01495  -1.21821  -1.52168  -1.72943 0.33071E+03   0.34499
  0.25558388E+08   9.72957   4.55960   3.53998  -0.01994  -1.21610  -1.51908  -1.72644 0.33787E+03   0.34538
  0.25559164E+08   9.72431   4.56297   3.53959  -0.02513  -1.21440  -1.51699  -1.72405 0.34409E+03   0.34569
  0.25560095E+08   9.71781   4.56567   3.53927  -0.02936  -1.21230  -1.51441  -1.72107 0.35208E+03   0.34607
  0.25561212E+08   9.70972   4.56895   3.53896  -0.03417  -1.20991  -1.51150  -1.71777 0.36354E+03   0.34651
  0.25562106E+08   9.70296   4.57281   3.53814  -0.04167  -1.20770  -1.50878  -1.71463 0.37278E+03   0.34691
  0.25562821E+08   9.69738   4.57598   3.53819  -0.04494  -1.20629  -1.50710  -1.71273 0.38220E+03   0.34718
  0.25563394E+08   9.69279   4.57826   3.53754  -0.05006  -1.20497  -1.50549  -1.71090 0.39010E+03   0.34743
  0.25563925E+08   9.68843   4.58019   3.53731  -0.05314  -1.20361  -1.50381  -1.70895 0.39738E+03   0.34768
  0.25564375E+08   9.68468   4.58204   3.53754  -0.05424  -1.20280  -1.50285  -1.70788 0.40511E+03   0.34783
  0.25564915E+08   9.68011   4.58326   3.53718  -0.05709  -1.20155  -1.50131  -1.70611 0.41473E+03   0.34806
  0.25565564E+08   9.67452   4.58498   3.53718  -0.05901  -1.20045  -1.50002  -1.70468 0.42920E+03   0.34828
  0.25566134E+08   9.66949   4.58665   3.53659  -0.06330  -1.19933  -1.49868  -1.70315 0.44369E+03   0.34849
  0.25566591E+08   9.66540   4.58816   3.53641  -0.06572  -1.19841  -1.49755  -1.70184 0.45663E+03   0.34866
  0.25566956E+08   9.66210   4.58924   3.53672  -0.06578  -1.19805  -1.49715  -1.70141 0.46996E+03   0.34874
  0.25567309E+08   9.65889   4.58968   3.53638  -0.06771  -1.19748  -1.49646  -1.70062 0.48444E+03   0.34885
  0.25567644E+08   9.65581   4.59033   3.53646  -0.06819  -1.19727  -1.49622  -1.70037 0.50149E+03   0.34889
  0.25567952E+08   9.65298   4.59049   3.53630  -0.06912  -1.19706  -1.49599  -1.70012 0.52058E+03   0.34894
  0.25568225E+08   9.65046   4.59058   3.53634  -0.06920  -1.19714  -1.49611  -1.70027 0.54205E+03   0.34893
  0.25568464E+08   9.64827   4.59030   3.53629  -0.06920  -1.19723  -1.49625  -1.70043 0.56623E+03   0.34892
