#     AGE           MASS      LOGL     LOGTEFF    LOG G     LOGK2     LOGK3     LOGK4      APOT        BETA
  0.29433940E+07   9.99940   3.79306   4.43849   4.35224  -1.85353  -2.51773  -2.99167 0.14421E+01   0.27765
  0.35115423E+07   9.99931   3.79926   4.43800   4.34408  -1.86152  -2.52526  -2.99898 0.14500E+01   0.27644
  0.41933204E+07   9.99918   3.80689   4.43745   4.33426  -1.87134  -2.53448  -3.00792 0.14599E+01   0.27495
  0.50114540E+07   9.99904   3.81630   4.43679   4.32219  -1.88349  -2.54586  -3.01896 0.14723E+01   0.27310
  0.59932144E+07   9.99885   3.82799   4.43593   4.30704  -1.89869  -2.56006  -3.03273 0.14882E+01   0.27079
  0.71713269E+07   9.99862   3.84265   4.43474   4.28762  -1.91798  -2.57801  -3.05015 0.15090E+01   0.26787
  0.85850618E+07   9.99832   3.86121   4.43303   4.26220  -1.94278  -2.60102  -3.07250 0.15367E+01   0.26411
  0.10281544E+08   9.99794   3.88484   4.43047   4.22833  -1.97499  -2.63081  -3.10147 0.15746E+01   0.25925
  0.12317322E+08   9.99744   3.91555   4.42643   4.18144  -2.01798  -2.67046  -3.14015 0.16286E+01   0.25278
  0.13945945E+08   9.99698   3.94213   4.42211   4.13756  -2.05637  -2.70581  -3.17474 0.16807E+01   0.24701
  0.15283399E+08   9.99656   3.96566   4.41753   4.09568  -2.09132  -2.73800  -3.20633 0.17317E+01   0.24177
  0.16416593E+08   9.99617   3.98697   4.41266   4.05488  -2.12393  -2.76812  -3.23603 0.17828E+01   0.23690
  0.17391792E+08   9.99580   4.00614   4.40765   4.01564  -2.15406  -2.79603  -3.26366 0.18333E+01   0.23241
  0.18243018E+08   9.99544   4.02365   4.40246   3.97737  -2.18230  -2.82230  -3.28976 0.18839E+01   0.22821
  0.18994877E+08   9.99510   4.03990   4.39706   3.93951  -2.20922  -2.84744  -3.31485 0.19354E+01   0.22421
  0.19661346E+08   9.99477   4.05508   4.39144   3.90184  -2.23500  -2.87167  -3.33912 0.19879E+01   0.22040
  0.20251724E+08   9.99446   4.06926   4.38563   3.86440  -2.25972  -2.89503  -3.36264 0.20414E+01   0.21676
  0.20773775E+08   9.99416   4.08248   4.37967   3.82733  -2.28339  -2.91755  -3.38541 0.20959E+01   0.21330
  0.21235039E+08   9.99387   4.09467   4.37371   3.79125  -2.30578  -2.93897  -3.40718 0.21506E+01   0.21003
  0.21644319E+08   9.99360   4.10591   4.36783   3.75651  -2.32686  -2.95927  -3.42789 0.22056E+01   0.20697
  0.22011235E+08   9.99334   4.11635   4.36210   3.72313  -2.34679  -2.97858  -3.44768 0.22604E+01   0.20409
  0.22344437E+08   9.99309   4.12618   4.35657   3.69118  -2.36577  -2.99706  -3.46670 0.23157E+01   0.20136
  0.22651653E+08   9.99284   4.13563   4.35138   3.66094  -2.38394  -3.01485  -3.48506 0.23719E+01   0.19876
  0.22940880E+08   9.99260   4.14499   4.34679   3.63322  -2.40145  -3.03206  -3.50285 0.24299E+01   0.19626
  0.23222885E+08   9.99235   4.15493   4.34368   3.61084  -2.41828  -3.04857  -3.51989 0.24907E+01   0.19385
  0.23485851E+08   9.99210   4.16614   4.34591   3.60852  -2.43136  -3.06108  -3.53251 0.25474E+01   0.19191
  0.23508565E+08   9.99208   4.17318   4.35280   3.62904  -2.43264  -3.06227  -3.53367 0.25536E+01   0.19171
  0.23531279E+08   9.99206   4.16767   4.34670   3.61014  -2.43351  -3.06303  -3.53437 0.25585E+01   0.19157
  0.23553994E+08   9.99204   4.16915   4.34781   3.61313  -2.43415  -3.06354  -3.53479 0.25633E+01   0.19145
  0.23576708E+08   9.99201   4.17072   4.34928   3.61741  -2.43460  -3.06383  -3.53495 0.25676E+01   0.19136
  0.23599422E+08   9.99199   4.17249   4.35119   3.62329  -2.43486  -3.06388  -3.53484 0.25722E+01   0.19128
  0.23626679E+08   9.99197   4.17462   4.35375   3.63142  -2.43480  -3.06348  -3.53413 0.25778E+01   0.19122
  0.23643033E+08   9.99195   4.17797   4.35827   3.64613  -2.43507  -3.06346  -3.53386 0.25838E+01   0.19112
  0.23662658E+08   9.99193   4.18112   4.36219   3.65868  -2.43570  -3.06353  -3.53346 0.25952E+01   0.19092
  0.23674433E+08   9.99192   4.18717   4.36969   3.68260  -2.43889  -3.06614  -3.53569 0.26176E+01   0.19036
  0.23683853E+08   9.99191   4.19484   4.37690   3.70379  -2.44747  -3.07381  -3.54298 0.26733E+01   0.18894
  0.23691389E+08   9.99191   4.20703   4.38518   3.72469  -2.45805  -3.08346  -3.55268 0.27859E+01   0.18706
  0.23694404E+08   9.99190   4.21433   4.38554   3.71886  -2.45798  -3.08320  -3.55257 0.28382E+01   0.18687
  0.23696815E+08   9.99190   4.21108   4.38174   3.70688  -2.45650  -3.08168  -3.55129 0.28817E+01   0.18690
  0.23698744E+08   9.99190   4.20517   4.37576   3.68889  -2.45677  -3.08194  -3.55187 0.29258E+01   0.18673
  0.23700341E+08   9.99190   4.20031   4.36950   3.66869  -2.45912  -3.08433  -3.55463 0.29725E+01   0.18631
  0.23701811E+08   9.99190   4.19724   4.36353   3.64790  -2.46366  -3.08896  -3.55970 0.30260E+01   0.18562
  0.23703179E+08   9.99189   4.19578   4.35754   3.62539  -2.47003  -3.09549  -3.56675 0.30856E+01   0.18470
  0.23704455E+08   9.99189   4.19576   4.35162   3.60173  -2.47771  -3.10342  -3.57527 0.31487E+01   0.18364
  0.23705656E+08   9.99189   4.19689   4.34587   3.57761  -2.48630  -3.11232  -3.58482 0.32145E+01   0.18249
  0.23706801E+08   9.99189   4.19882   4.34029   3.55336  -2.49545  -3.12186  -3.59505 0.32821E+01   0.18128
  0.23707902E+08   9.99189   4.20129   4.33485   3.52913  -2.50495  -3.13180  -3.60573 0.33517E+01   0.18004
  0.23708969E+08   9.99189   4.20409   4.32952   3.50501  -2.51461  -3.14198  -3.61667 0.34226E+01   0.17880
  0.23710010E+08   9.99189   4.20706   4.32427   3.48103  -2.52435  -3.15226  -3.62775 0.34947E+01   0.17756
  0.23711030E+08   9.99189   4.21010   4.31907   3.45721  -2.53405  -3.16256  -3.63887 0.35681E+01   0.17634
  0.23712032E+08   9.99188   4.21310   4.31391   3.43356  -2.54367  -3.17281  -3.64996 0.36426E+01   0.17515
  0.23713018E+08   9.99188   4.21604   4.30878   3.41008  -2.55319  -3.18299  -3.66100 0.37185E+01   0.17397
  0.23713991E+08   9.99188   4.21886   4.30365   3.38677  -2.56256  -3.19307  -3.67194 0.37955E+01   0.17282
  0.23714951E+08   9.99188   4.22154   4.29853   3.36361  -2.57179  -3.20302  -3.68278 0.38739E+01   0.17170
  0.23715900E+08   9.99188   4.22407   4.29341   3.34060  -2.58086  -3.21285  -3.69349 0.39535E+01   0.17061
  0.23716836E+08   9.99188   4.22645   4.28829   3.31772  -2.58979  -3.22256  -3.70409 0.40344E+01   0.16955
  0.23717761E+08   9.99188   4.22867   4.28315   3.29497  -2.59856  -3.23214  -3.71457 0.41167E+01   0.16851
  0.23718673E+08   9.99187   4.23072   4.27801   3.27234  -2.60719  -3.24161  -3.72492 0.42004E+01   0.16749
  0.23719574E+08   9.99187   4.23262   4.27285   3.24982  -2.61568  -3.25096  -3.73517 0.42855E+01   0.16651
  0.23720461E+08   9.99187   4.23437   4.26769   3.22740  -2.62405  -3.26020  -3.74529 0.43723E+01   0.16554
  0.23721335E+08   9.99187   4.23597   4.26251   3.20508  -2.63230  -3.26935  -3.75531 0.44608E+01   0.16460
  0.23722195E+08   9.99187   4.23744   4.25732   3.18285  -2.64043  -3.27839  -3.76522 0.45506E+01   0.16368
  0.23723041E+08   9.99187   4.23877   4.25212   3.16071  -2.64846  -3.28735  -3.77502 0.46423E+01   0.16277
  0.23723873E+08   9.99186   4.23998   4.24690   3.13865  -2.65639  -3.29623  -3.78473 0.47356E+01   0.16189
  0.23724690E+08   9.99186   4.24106   4.24168   3.11668  -2.66424  -3.30503  -3.79434 0.48308E+01   0.16102
  0.23725493E+08   9.99186   4.24203   4.23645   3.09478  -2.67200  -3.31376  -3.80385 0.49277E+01   0.16017
  0.23726280E+08   9.99186   4.24290   4.23121   3.07295  -2.67968  -3.32242  -3.81326 0.50265E+01   0.15934
  0.23727052E+08   9.99186   4.24365   4.22596   3.05119  -2.68729  -3.33102  -3.82258 0.51273E+01   0.15852
  0.23727808E+08   9.99186   4.24431   4.22070   3.02951  -2.69484  -3.33955  -3.83181 0.52300E+01   0.15772
  0.23728550E+08   9.99185   4.24488   4.21544   3.00789  -2.70233  -3.34802  -3.84093 0.53348E+01   0.15693
  0.23729275E+08   9.99185   4.24535   4.21017   2.98633  -2.70976  -3.35643  -3.84996 0.54416E+01   0.15615
  0.23729986E+08   9.99185   4.24574   4.20489   2.96484  -2.71714  -3.36479  -3.85888 0.55506E+01   0.15538
  0.23730681E+08   9.99185   4.24604   4.19961   2.94341  -2.72447  -3.37309  -3.86770 0.56617E+01   0.15462
  0.23731360E+08   9.99185   4.24626   4.19432   2.92203  -2.73175  -3.38133  -3.87641 0.57752E+01   0.15388
  0.23732025E+08   9.99185   4.24641   4.18903   2.90072  -2.73899  -3.38952  -3.88502 0.58908E+01   0.15315
  0.23732674E+08   9.99184   4.24648   4.18373   2.87946  -2.74619  -3.39765  -3.89350 0.60087E+01   0.15242
  0.23733309E+08   9.99184   4.24648   4.17843   2.85826  -2.75335  -3.40572  -3.90187 0.61289E+01   0.15171
  0.23733928E+08   9.99184   4.24641   4.17312   2.83711  -2.76048  -3.41373  -3.91012 0.62518E+01   0.15101
  0.23734533E+08   9.99184   4.24627   4.16782   2.81601  -2.76758  -3.42169  -3.91824 0.63769E+01   0.15031
  0.23735124E+08   9.99184   4.24607   4.16250   2.79497  -2.77464  -3.42958  -3.92623 0.65045E+01   0.14962
  0.23735700E+08   9.99184   4.24581   4.15719   2.77397  -2.78168  -3.43740  -3.93409 0.66349E+01   0.14894
  0.23736263E+08   9.99183   4.24549   4.15187   2.75302  -2.78868  -3.44517  -3.94181 0.67677E+01   0.14827
  0.23736811E+08   9.99183   4.24511   4.14656   2.73213  -2.79567  -3.45287  -3.94938 0.69034E+01   0.14760
  0.23737346E+08   9.99183   4.24469   4.14124   2.71128  -2.80262  -3.46049  -3.95680 0.70416E+01   0.14694
  0.23737868E+08   9.99183   4.24420   4.13591   2.69047  -2.80955  -3.46805  -3.96407 0.71827E+01   0.14629
  0.23738378E+08   9.99183   4.24367   4.13059   2.66971  -2.81645  -3.47552  -3.97117 0.73264E+01   0.14564
  0.23738874E+08   9.99182   4.24309   4.12527   2.64900  -2.82334  -3.48292  -3.97812 0.74732E+01   0.14499
  0.23739358E+08   9.99182   4.24247   4.11994   2.62832  -2.83019  -3.49023  -3.98489 0.76230E+01   0.14436
  0.23739830E+08   9.99182   4.24180   4.11462   2.60770  -2.83702  -3.49745  -3.99149 0.77754E+01   0.14372
  0.23740290E+08   9.99182   4.24109   4.10929   2.58711  -2.84382  -3.50458  -3.99791 0.79308E+01   0.14309
  0.23740738E+08   9.99182   4.24033   4.10397   2.56656  -2.85060  -3.51162  -4.00414 0.80898E+01   0.14247
  0.23741176E+08   9.99182   4.23953   4.09864   2.54606  -2.85733  -3.51853  -4.01016 0.82514E+01   0.14185
  0.23741602E+08   9.99181   4.23870   4.09332   2.52560  -2.86404  -3.52535  -4.01600 0.84170E+01   0.14123
  0.23742017E+08   9.99181   4.23783   4.08800   2.50517  -2.87071  -3.53205  -4.02163 0.85854E+01   0.14062
  0.23742423E+08   9.99181   4.23692   4.08267   2.48478  -2.87736  -3.53864  -4.02706 0.87576E+01   0.14001
  0.23742817E+08   9.99181   4.23598   4.07735   2.46442  -2.88396  -3.54510  -4.03227 0.89331E+01   0.13940
  0.23743202E+08   9.99181   4.23501   4.07202   2.44410  -2.89053  -3.55144  -4.03728 0.91120E+01   0.13880
  0.23743577E+08   9.99181   4.23400   4.06670   2.42381  -2.89707  -3.55766  -4.04208 0.92945E+01   0.13820
  0.23743943E+08   9.99180   4.23296   4.06137   2.40355  -2.90356  -3.56374  -4.04666 0.94815E+01   0.13760
  0.23744300E+08   9.99180   4.23190   4.05605   2.38332  -2.91001  -3.56968  -4.05103 0.96717E+01   0.13700
  0.23744647E+08   9.99180   4.23080   4.05073   2.36313  -2.91641  -3.57548  -4.05518 0.98657E+01   0.13640
  0.23744986E+08   9.99180   4.22969   4.04541   2.34296  -2.92277  -3.58113  -4.05911 0.10064E+02   0.13581
  0.23745316E+08   9.99180   4.22854   4.04009   2.32282  -2.92907  -3.58663  -4.06281 0.10266E+02   0.13522
  0.23745638E+08   9.99180   4.22737   4.03476   2.30270  -2.93531  -3.59197  -4.06629 0.10472E+02   0.13463
  0.23745952E+08   9.99180   4.22618   4.02944   2.28262  -2.94149  -3.59714  -4.06953 0.10682E+02   0.13404
  0.23746258E+08   9.99179   4.22496   4.02413   2.26256  -2.94761  -3.60214  -4.07255 0.10897E+02   0.13345
  0.23746556E+08   9.99179   4.22373   4.01881   2.24252  -2.95365  -3.60697  -4.07534 0.11116E+02   0.13287
  0.23746847E+08   9.99179   4.22247   4.01349   2.22252  -2.95961  -3.61160  -4.07788 0.11340E+02   0.13228
  0.23747130E+08   9.99179   4.22119   4.00818   2.20253  -2.96549  -3.61604  -4.08018 0.11568E+02   0.13170
  0.23747407E+08   9.99179   4.21989   4.00286   2.18258  -2.97127  -3.62029  -4.08224 0.11800E+02   0.13113
  0.23747677E+08   9.99179   4.21857   3.99755   2.16264  -2.97696  -3.62433  -4.08405 0.12038E+02   0.13055
  0.23747940E+08   9.99178   4.21723   3.99224   2.14273  -2.98254  -3.62815  -4.08561 0.12280E+02   0.12998
  0.23748196E+08   9.99178   4.21588   3.98693   2.12284  -2.98801  -3.63176  -4.08693 0.12528E+02   0.12940
  0.23748447E+08   9.99178   4.21451   3.98162   2.10298  -2.99336  -3.63515  -4.08800 0.12780E+02   0.12883
  0.23748691E+08   9.99178   4.21312   3.97631   2.08313  -2.99859  -3.63831  -4.08881 0.13038E+02   0.12827
  0.23748929E+08   9.99178   4.21171   3.97100   2.06331  -3.00369  -3.64123  -4.08936 0.13301E+02   0.12770
  0.23749161E+08   9.99178   4.21029   3.96569   2.04350  -3.00862  -3.64388  -4.08963 0.13570E+02   0.12714
  0.23749388E+08   9.99177   4.20885   3.96039   2.02373  -3.01339  -3.64626  -4.08959 0.13844E+02   0.12658
  0.23749609E+08   9.99177   4.20740   3.95509   2.00398  -3.01795  -3.64832  -4.08922 0.14123E+02   0.12604
  0.23749825E+08   9.99177   4.20593   3.94980   1.98427  -3.02229  -3.65004  -4.08847 0.14408E+02   0.12549
  0.23750036E+08   9.99177   4.20445   3.94451   1.96459  -3.02638  -3.65138  -4.08732 0.14698E+02   0.12496
  0.23750242E+08   9.99177   4.20295   3.93922   1.94495  -3.03021  -3.65233  -4.08573 0.14994E+02   0.12443
  0.23750444E+08   9.99177   4.20143   3.93394   1.92535  -3.03374  -3.65287  -4.08369 0.15296E+02   0.12392
  0.23750641E+08   9.99177   4.19989   3.92866   1.90578  -3.03697  -3.65297  -4.08117 0.15603E+02   0.12341
  0.23750833E+08   9.99176   4.19833   3.92339   1.88625  -3.03988  -3.65261  -4.07816 0.15917E+02   0.12292
  0.23751021E+08   9.99176   4.19676   3.91812   1.86674  -3.04244  -3.65178  -4.07462 0.16237E+02   0.12244
  0.23751206E+08   9.99176   4.19516   3.91286   1.84728  -3.04463  -3.65043  -4.07052 0.16562E+02   0.12197
  0.23751386E+08   9.99176   4.19354   3.90759   1.82785  -3.04642  -3.64855  -4.06582 0.16894E+02   0.12152
  0.23751562E+08   9.99176   4.19190   3.90234   1.80847  -3.04780  -3.64612  -4.06053 0.17232E+02   0.12108
  0.23751735E+08   9.99176   4.19023   3.89708   1.78912  -3.04877  -3.64315  -4.05464 0.17576E+02   0.12066
  0.23751904E+08   9.99176   4.18854   3.89183   1.76979  -3.04934  -3.63966  -4.04817 0.17928E+02   0.12025
  0.23752070E+08   9.99175   4.18682   3.88657   1.75049  -3.04951  -3.63565  -4.04116 0.18287E+02   0.11985
  0.23752232E+08   9.99175   4.18507   3.88132   1.73121  -3.04927  -3.63114  -4.03361 0.18652E+02   0.11947
  0.23752391E+08   9.99175   4.18330   3.87606   1.71195  -3.04864  -3.62616  -4.02556 0.19025E+02   0.11910
  0.23752546E+08   9.99175   4.18149   3.87080   1.69270  -3.04764  -3.62072  -4.01703 0.19405E+02   0.11875
  0.23752698E+08   9.99175   4.17966   3.86553   1.67347  -3.04625  -3.61483  -4.00805 0.19793E+02   0.11841
  0.23752846E+08   9.99175   4.17779   3.86026   1.65426  -3.04453  -3.60858  -3.99871 0.20189E+02   0.11808
  0.23752992E+08   9.99175   4.17590   3.85498   1.63505  -3.04247  -3.60197  -3.98901 0.20593E+02   0.11777
  0.23753133E+08   9.99174   4.17397   3.84970   1.61586  -3.04005  -3.59497  -3.97893 0.21005E+02   0.11746
  0.23753272E+08   9.99174   4.17201   3.84442   1.59670  -3.03729  -3.58760  -3.96850 0.21425E+02   0.11717
  0.23753407E+08   9.99174   4.17001   3.83914   1.57757  -3.03418  -3.57988  -3.95771 0.21854E+02   0.11690
  0.23753539E+08   9.99174   4.16798   3.83386   1.55848  -3.03070  -3.57177  -3.94655 0.22289E+02   0.11664
  0.23753668E+08   9.99174   4.16591   3.82858   1.53943  -3.02686  -3.56332  -3.93505 0.22733E+02   0.11640
  0.23753794E+08   9.99174   4.16380   3.82330   1.52042  -3.02263  -3.55445  -3.92311 0.23185E+02   0.11617
  0.23753917E+08   9.99174   4.16165   3.81803   1.50147  -3.01802  -3.54522  -3.91081 0.23645E+02   0.11596
  0.23754037E+08   9.99174   4.15946   3.81276   1.48257  -3.01300  -3.53555  -3.89806 0.24113E+02   0.11577
  0.23754155E+08   9.99173   4.15722   3.80749   1.46374  -3.00757  -3.52546  -3.88487 0.24588E+02   0.11561
  0.23754269E+08   9.99173   4.15494   3.80222   1.44497  -3.00172  -3.51496  -3.87124 0.25073E+02   0.11546
  0.23754381E+08   9.99173   4.15260   3.79696   1.42626  -2.99533  -3.50386  -3.85693 0.25563E+02   0.11535
  0.23754489E+08   9.99173   4.15021   3.79172   1.40767  -2.98876  -3.49271  -3.84265 0.26052E+02   0.11525
  0.23754593E+08   9.99173   4.14781   3.78657   1.38949  -2.98174  -3.48112  -3.82790 0.26542E+02   0.11519
  0.23754696E+08   9.99173   4.14539   3.78150   1.37162  -2.97410  -3.46878  -3.81227 0.27047E+02   0.11515
  0.23754798E+08   9.99173   4.14286   3.77635   1.35357  -2.96590  -3.45574  -3.79580 0.27564E+02   0.11514
  0.23754898E+08   9.99173   4.14026   3.77118   1.33548  -2.95742  -3.44246  -3.77911 0.28092E+02   0.11514
  0.23754991E+08   9.99172   4.13757   3.76596   1.31728  -2.94876  -3.42916  -3.76248 0.28594E+02   0.11518
  0.23755102E+08   9.99172   4.13497   3.76107   1.30033  -2.93737  -3.41199  -3.74109 0.29219E+02   0.11527
  0.23755235E+08   9.99172   4.13169   3.75508   1.27962  -2.92200  -3.38938  -3.71305 0.30003E+02   0.11548
  0.23755344E+08   9.99172   4.12749   3.74768   1.25424  -2.90788  -3.36900  -3.68787 0.30663E+02   0.11574
  0.23755439E+08   9.99172   4.12385   3.74155   1.23337  -2.89427  -3.34964  -3.66404 0.31255E+02   0.11604
  0.23755527E+08   9.99172   4.12047   3.73611   1.21500  -2.88064  -3.33045  -3.64050 0.31818E+02   0.11638
  0.23755613E+08   9.99172   4.11715   3.73100   1.19784  -2.86620  -3.31034  -3.61588 0.32380E+02   0.11678
  0.23755698E+08   9.99171   4.11375   3.72594   1.18101  -2.84965  -3.28752  -3.58800 0.32933E+02   0.11730
  0.23755783E+08   9.99171   4.11019   3.72096   1.16467  -2.83307  -3.26484  -3.56043 0.33511E+02   0.11784
  0.23755866E+08   9.99171   4.10647   3.71584   1.14792  -2.81412  -3.23916  -3.52929 0.34072E+02   0.11852
  0.23755949E+08   9.99171   4.10260   3.71085   1.13181  -2.79460  -3.21290  -3.49758 0.34646E+02   0.11926
  0.23756031E+08   9.99171   4.09856   3.70579   1.11562  -2.77206  -3.18284  -3.46143 0.35193E+02   0.12020
  0.23756129E+08   9.99171   4.09434   3.70092   1.10034  -2.74113  -3.14203  -3.41270 0.35827E+02   0.12158
  0.23756247E+08   9.99171   4.08894   3.69517   1.08275  -2.69664  -3.08429  -3.34469 0.36519E+02   0.12376
  0.23756348E+08   9.99171   4.08194   3.68863   1.06358  -2.65016  -3.02525  -3.27654 0.36976E+02   0.12628
  0.23756444E+08   9.99170   4.07566   3.68380   1.05056  -2.60013  -2.96320  -3.20641 0.37326E+02   0.12921
  0.23756560E+08   9.99170   4.06921   3.67960   1.04018  -2.53273  -2.88179  -3.11645 0.37604E+02   0.13354
  0.23756699E+08   9.99170   4.06086   3.67522   1.03103  -2.44609  -2.78057  -3.00748 0.37787E+02   0.13976
  0.23756865E+08   9.99170   4.05007   3.67062   1.02344  -2.33967  -2.66146  -2.88320 0.37816E+02   0.14861
  0.23757016E+08   9.99170   4.03637   3.66596   1.01849  -2.25099  -2.56748  -2.78866 0.37725E+02   0.15743
  0.23757198E+08   9.99169   4.02537   3.66274   1.01658  -2.16431  -2.48120  -2.70494 0.37603E+02   0.16804
  0.23757415E+08   9.99169   4.01593   3.65984   1.01442  -2.06292  -2.38197  -2.60947 0.37352E+02   0.18207
  0.23757611E+08   9.99169   4.00329   3.65658   1.01403  -1.97607  -2.29758  -2.52845 0.37227E+02   0.19530
  0.23757799E+08   9.99169   3.99355   3.65342   1.01116  -1.89376  -2.21794  -2.45198 0.37118E+02   0.20887
  0.23757979E+08   9.99168   3.98748   3.65114   1.00807  -1.81909  -2.14606  -2.38303 0.37197E+02   0.22205
  0.23758152E+08   9.99168   3.98351   3.64832   1.00076  -1.75027  -2.07996  -2.31952 0.37430E+02   0.23491
  0.23758319E+08   9.99168   3.98420   3.64581   0.99004  -1.68829  -2.02070  -2.26256 0.37906E+02   0.24709
  0.23758481E+08   9.99168   3.98839   3.64283   0.97395  -1.63255  -1.96745  -2.21118 0.38617E+02   0.25851
  0.23758638E+08   9.99167   3.99820   3.64003   0.95293  -1.58363  -1.92075  -2.16590 0.39611E+02   0.26890
  0.23758792E+08   9.99167   4.01306   3.63707   0.92625  -1.54175  -1.88068  -2.12676 0.40923E+02   0.27804
  0.23758938E+08   9.99167   4.03282   3.63386   0.89365  -1.50776  -1.84791  -2.09434 0.42518E+02   0.28560
  0.23759070E+08   9.99167   4.05659   3.63054   0.85657  -1.48212  -1.82283  -2.06908 0.44254E+02   0.29135
  0.23759185E+08   9.99166   4.08168   3.62732   0.81863  -1.46331  -1.80402  -2.04973 0.45977E+02   0.29556
  0.23759286E+08   9.99166   4.10585   3.62443   0.78289  -1.44899  -1.78941  -2.03442 0.47619E+02   0.29873
  0.23759379E+08   9.99166   4.12805   3.62185   0.75036  -1.43759  -1.77751  -2.02171 0.49175E+02   0.30121
  0.23759466E+08   9.99166   4.14844   3.61954   0.72073  -1.42794  -1.76722  -2.01055 0.50653E+02   0.30328
  0.23759551E+08   9.99166   4.16757   3.61753   0.69357  -1.41956  -1.75812  -2.00056 0.52075E+02   0.30505
  0.23759654E+08   9.99165   4.18561   3.61572   0.66826  -1.41093  -1.74863  -1.99003 0.53728E+02   0.30686
  0.23759777E+08   9.99165   4.20481   3.61340   0.63979  -1.40186  -1.73848  -1.97865 0.55547E+02   0.30872
  0.23759889E+08   9.99164   4.22598   3.61114   0.60959  -1.39490  -1.73065  -1.96983 0.57075E+02   0.31014
  0.23760023E+08   9.99164   4.24271   3.60918   0.58503  -1.38752  -1.72220  -1.96023 0.58648E+02   0.31163
  0.23760183E+08   9.99163   4.26031   3.60745   0.56049  -1.37997  -1.71353  -1.95039 0.60162E+02   0.31314
  0.23760376E+08   9.99163   4.27774   3.60607   0.53754  -1.37309  -1.70575  -1.94162 0.61641E+02   0.31455
  0.23760559E+08   9.99162   4.29293   3.60443   0.51578  -1.36802  -1.70011  -1.93531 0.62817E+02   0.31562
  0.23760742E+08   9.99161   4.30395   3.60297   0.49894  -1.36357  -1.69506  -1.92962 0.63758E+02   0.31653
  0.23760925E+08   9.99160   4.31331   3.60202   0.48576  -1.35999  -1.69102  -1.92508 0.64522E+02   0.31728
  0.23761144E+08   9.99159   4.32073   3.60125   0.47526  -1.35656  -1.68716  -1.92075 0.65246E+02   0.31800
  0.23761407E+08   9.99157   4.32771   3.60055   0.46551  -1.35337  -1.68359  -1.91675 0.65922E+02   0.31866
  0.23761658E+08   9.99156   4.33404   3.59990   0.45656  -1.35081  -1.68071  -1.91353 0.66410E+02   0.31920
  0.23761959E+08   9.99154   4.33889   3.59953   0.45022  -1.34854  -1.67826  -1.91086 0.66914E+02   0.31971
  0.23762320E+08   9.99152   4.34292   3.59891   0.44373  -1.34608  -1.67558  -1.90790 0.67339E+02   0.32024
  0.23762754E+08   9.99150   4.34710   3.59861   0.43835  -1.34389  -1.67322  -1.90532 0.67771E+02   0.32073
  0.23763274E+08   9.99147   4.35077   3.59817   0.43289  -1.34163  -1.67080  -1.90270 0.68146E+02   0.32124
  0.23763898E+08   9.99143   4.35432   3.59787   0.42817  -1.33956  -1.66859  -1.90030 0.68531E+02   0.32171
  0.23764647E+08   9.99139   4.35764   3.59749   0.42332  -1.33745  -1.66636  -1.89789 0.68876E+02   0.32219
  0.23765545E+08   9.99134   4.36083   3.59721   0.41899  -1.33554  -1.66431  -1.89567 0.69232E+02   0.32262
  0.23766624E+08   9.99127   4.36385   3.59685   0.41456  -1.33369  -1.66234  -1.89353 0.69551E+02   0.32304
  0.23767918E+08   9.99119   4.36673   3.59661   0.41071  -1.33203  -1.66058  -1.89162 0.69879E+02   0.32342
  0.23769471E+08   9.99110   4.36938   3.59633   0.40694  -1.33051  -1.65895  -1.88985 0.70186E+02   0.32376
  0.23771335E+08   9.99098   4.37181   3.59613   0.40370  -1.32942  -1.65772  -1.88846 0.70515E+02   0.32399
  0.23773571E+08   9.99084   4.37400   3.59591   0.40060  -1.32863  -1.65681  -1.88743 0.70817E+02   0.32415
  0.23776255E+08   9.99067   4.37570   3.59578   0.39839  -1.32836  -1.65642  -1.88693 0.71121E+02   0.32418
  0.23779475E+08   9.99047   4.37686   3.59568   0.39684  -1.32861  -1.65655  -1.88697 0.71411E+02   0.32409
  0.23783339E+08   9.99023   4.37741   3.59568   0.39627  -1.32934  -1.65719  -1.88756 0.71708E+02   0.32389
  0.23787977E+08   9.98993   4.37733   3.59572   0.39650  -1.33044  -1.65821  -1.88856 0.72006E+02   0.32360
  0.23793541E+08   9.98958   4.37677   3.59584   0.39754  -1.33188  -1.65958  -1.88992 0.72340E+02   0.32322
  0.23800219E+08   9.98916   4.37584   3.59598   0.39902  -1.33358  -1.66120  -1.89154 0.72705E+02   0.32279
  0.23808232E+08   9.98866   4.37466   3.59618   0.40095  -1.33555  -1.66309  -1.89343 0.73118E+02   0.32229
  0.23817848E+08   9.98806   4.37327   3.59639   0.40315  -1.33788  -1.66536  -1.89573 0.73661E+02   0.32170
  0.23829387E+08   9.98735   4.37165   3.59636   0.40465  -1.34029  -1.66763  -1.89796 0.74054E+02   0.32107
  0.23843234E+08   9.98650   4.36988   3.59699   0.40889  -1.34333  -1.67059  -1.90097 0.74729E+02   0.32031
  0.23859850E+08   9.98549   4.36778   3.59694   0.41075  -1.34649  -1.67359  -1.90394 0.75241E+02   0.31949
  0.23879789E+08   9.98428   4.36548   3.59760   0.41566  -1.35033  -1.67732  -1.90771 0.76038E+02   0.31853
  0.23903716E+08   9.98286   4.36281   3.59761   0.41832  -1.35456  -1.68138  -1.91178 0.76810E+02   0.31746
  0.23932429E+08   9.98116   4.35986   3.59793   0.42249  -1.35921  -1.68580  -1.91617 0.77464E+02   0.31626
  0.23966884E+08   9.97916   4.35657   3.59884   0.42932  -1.36469  -1.69108  -1.92145 0.78389E+02   0.31487
  0.24008230E+08   9.97679   4.35283   3.59919   0.43439  -1.37088  -1.69700  -1.92735 0.79324E+02   0.31331
  0.24057846E+08   9.97399   4.34864   3.59976   0.44078  -1.37799  -1.70382  -1.93415 0.80304E+02   0.31150
  0.24105124E+08   9.97138   4.34393   3.60043   0.44801  -1.38495  -1.71048  -1.94079 0.81119E+02   0.30974
  0.24161858E+08   9.96830   4.33930   3.60113   0.45533  -1.39276  -1.71793  -1.94820 0.82018E+02   0.30777
  0.24229939E+08   9.96468   4.33437   3.60175   0.46264  -1.40186  -1.72661  -1.95681 0.82871E+02   0.30546
  0.24290264E+08   9.96155   4.32885   3.60266   0.47163  -1.41085  -1.73517  -1.96529 0.83547E+02   0.30319
  0.24338524E+08   9.95909   4.32343   3.60345   0.48006  -1.41864  -1.74260  -1.97263 0.84076E+02   0.30122
  0.24396437E+08   9.95620   4.31890   3.60396   0.48654  -1.42716  -1.75064  -1.98053 0.84570E+02   0.29906
  0.24465932E+08   9.95279   4.31447   3.60473   0.49393  -1.43712  -1.75999  -1.98964 0.85130E+02   0.29652
  0.24549325E+08   9.94878   4.30986   3.60556   0.50170  -1.44948  -1.77148  -2.00076 0.85536E+02   0.29335
  0.24623626E+08   9.94529   4.30494   3.60710   0.51261  -1.46229  -1.78340  -2.01227 0.86219E+02   0.29007
  0.24712787E+08   9.94118   4.30025   3.60760   0.51914  -1.47728  -1.79722  -2.02550 0.86897E+02   0.28623
  0.24819780E+08   9.93634   4.29596   3.60854   0.52701  -1.49510  -1.81354  -2.04101 0.87816E+02   0.28166
  0.24948172E+08   9.93062   4.29220   3.60947   0.53427  -1.51619  -1.83269  -2.05903 0.88993E+02   0.27622
  0.25050885E+08   9.92612   4.28937   3.61060   0.54138  -1.53722  -1.85174  -2.07687 0.89800E+02   0.27083
  0.25144884E+08   9.92205   4.28760   3.61223   0.54946  -1.55495  -1.86772  -2.09176 0.91096E+02   0.26630
  0.25257683E+08   9.91718   4.28694   3.61256   0.55129  -1.56750  -1.87886  -2.10196 0.92709E+02   0.26303
  0.25393042E+08   9.91132   4.28802   3.61302   0.55180  -1.56813  -1.87901  -2.10173 0.95112E+02   0.26273
  0.25555473E+08   9.90421   4.29106   3.61266   0.54707  -1.54961  -1.86144  -2.08463 0.98803E+02   0.26714
  0.25686742E+08   9.89829   4.29744   3.61137   0.53522  -1.53467  -1.84722  -2.07071 0.10213E+03   0.27071
  0.25791758E+08   9.89343   4.30338   3.61016   0.52417  -1.50513  -1.81933  -2.04358 0.10730E+03   0.27795
  0.25812761E+08   9.88453   4.31414   3.60792   0.50427  -1.49904  -1.81347  -2.03777 0.10882E+03   0.27942
  0.25833607E+08   9.87541   4.31696   3.60758   0.49968  -1.49203  -1.80675  -2.03114 0.11073E+03   0.28112
  0.25850284E+08   9.86782   4.32027   3.60673   0.49258  -1.48591  -1.80082  -2.02522 0.11227E+03   0.28260
  0.25864197E+08   9.86127   4.32341   3.60632   0.48747  -1.48048  -1.79556  -2.01998 0.11375E+03   0.28391
  0.25875966E+08   9.85555   4.32635   3.60583   0.48229  -1.47560  -1.79082  -2.01525 0.11513E+03   0.28509
  0.25885381E+08   9.85082   4.32913   3.60536   0.47738  -1.47153  -1.78691  -2.01137 0.11655E+03   0.28608
  0.25893199E+08   9.84679   4.33151   3.60453   0.47144  -1.46790  -1.78330  -2.00769 0.11747E+03   0.28694
  0.25900580E+08   9.84289   4.33380   3.60448   0.46877  -1.46446  -1.77997  -2.00438 0.11871E+03   0.28777
  0.25907633E+08   9.83906   4.33598   3.60382   0.46378  -1.46090  -1.77643  -2.00077 0.11970E+03   0.28862
  0.25914321E+08   9.83535   4.33838   3.60371   0.46078  -1.45747  -1.77309  -1.99741 0.12096E+03   0.28945
  0.25920637E+08   9.83174   4.34072   3.60311   0.45587  -1.45398  -1.76961  -1.99386 0.12202E+03   0.29028
  0.25926576E+08   9.82826   4.34324   3.60293   0.45249  -1.45058  -1.76627  -1.99048 0.12331E+03   0.29109
  0.25932135E+08   9.82491   4.34571   3.60237   0.44761  -1.44715  -1.76283  -1.98696 0.12445E+03   0.29190
  0.25937314E+08   9.82171   4.34834   3.60214   0.44391  -1.44384  -1.75955  -1.98362 0.12576E+03   0.29269
  0.25942119E+08   9.81864   4.35093   3.60162   0.43910  -1.44049  -1.75618  -1.98015 0.12695E+03   0.29348
  0.25946556E+08   9.81574   4.35365   3.60136   0.43522  -1.43718  -1.75288  -1.97677 0.12831E+03   0.29426
  0.25950613E+08   9.81300   4.35639   3.60087   0.43037  -1.43379  -1.74945  -1.97323 0.12963E+03   0.29506
  0.25955482E+08   9.80961   4.35928   3.60053   0.42602  -1.42929  -1.74492  -1.96856 0.13155E+03   0.29612
  0.25961324E+08   9.80537   4.36324   3.59990   0.41937  -1.42298  -1.73849  -1.96189 0.13424E+03   0.29759
  0.25968335E+08   9.79996   4.36906   3.59915   0.41039  -1.41357  -1.72883  -1.95177 0.13839E+03   0.29976
  0.25972541E+08   9.79639   4.37828   3.59825   0.39732  -1.40701  -1.72209  -1.94473 0.14177E+03   0.30128
  0.25977589E+08   9.79178   4.38529   3.59745   0.38696  -1.39593  -1.71047  -1.93240 0.14788E+03   0.30379
  0.25983646E+08   9.78551   4.39747   3.59593   0.36847  -1.37385  -1.68689  -1.90707 0.16281E+03   0.30868
  0.25984857E+08   9.78384   4.42483   3.59242   0.32681  -1.36904  -1.68170  -1.90144 0.16727E+03   0.30973
  0.25985827E+08   9.78242   4.43133   3.59148   0.31646  -1.36428  -1.67649  -1.89576 0.17162E+03   0.31076
  0.25986602E+08   9.78120   4.43765   3.59093   0.30788  -1.36004  -1.67187  -1.89073 0.17608E+03   0.31168
  0.25987222E+08   9.78017   4.44350   3.59011   0.29869  -1.35604  -1.66743  -1.88586 0.17996E+03   0.31252
  0.25987718E+08   9.77930   4.44909   3.58964   0.29118  -1.35277  -1.66382  -1.88190 0.18346E+03   0.31322
  0.25988115E+08   9.77856   4.45383   3.58899   0.28382  -1.34988  -1.66058  -1.87831 0.18622E+03   0.31381
  0.25988433E+08   9.77795   4.45807   3.58864   0.27813  -1.34765  -1.65808  -1.87556 0.18854E+03   0.31428
  0.25988700E+08   9.77741   4.46143   3.58820   0.27299  -1.34565  -1.65581  -1.87303 0.19041E+03   0.31469
  0.25988935E+08   9.77693   4.46447   3.58795   0.26893  -1.34392  -1.65386  -1.87085 0.19208E+03   0.31505
  0.25989147E+08   9.77648   4.46712   3.58773   0.26539  -1.34255  -1.65232  -1.86916 0.19373E+03   0.31533
  0.25989341E+08   9.77606   4.46926   3.58731   0.26152  -1.34110  -1.65066  -1.86730 0.19507E+03   0.31562
  0.25989523E+08   9.77566   4.47156   3.58714   0.25852  -1.33983  -1.64921  -1.86567 0.19627E+03   0.31588
  0.25989694E+08   9.77527   4.47357   3.58698   0.25586  -1.33870  -1.64790  -1.86420 0.19735E+03   0.31610
  0.25989858E+08   9.77489   4.47539   3.58683   0.25342  -1.33779  -1.64687  -1.86307 0.19844E+03   0.31629
  0.25990014E+08   9.77453   4.47687   3.58653   0.25071  -1.33679  -1.64571  -1.86175 0.19937E+03   0.31649
  0.25990165E+08   9.77417   4.47853   3.58640   0.24855  -1.33589  -1.64468  -1.86059 0.20021E+03   0.31666
  0.25990312E+08   9.77381   4.48000   3.58629   0.24661  -1.33509  -1.64374  -1.85953 0.20098E+03   0.31682
  0.25990456E+08   9.77346   4.48133   3.58618   0.24483  -1.33436  -1.64290  -1.85858 0.20168E+03   0.31696
  0.25990597E+08   9.77311   4.48255   3.58607   0.24317  -1.33381  -1.64227  -1.85789 0.20242E+03   0.31708
  0.25990736E+08   9.77276   4.48350   3.58583   0.24122  -1.33315  -1.64148  -1.85699 0.20304E+03   0.31720
  0.25990874E+08   9.77241   4.48465   3.58575   0.23973  -1.33258  -1.64081  -1.85622 0.20358E+03   0.31731
  0.25991010E+08   9.77206   4.48563   3.58567   0.23842  -1.33211  -1.64026  -1.85559 0.20409E+03   0.31740
  0.25991147E+08   9.77171   4.48647   3.58557   0.23716  -1.33167  -1.63973  -1.85498 0.20453E+03   0.31748
  0.25991311E+08   9.77128   4.48727   3.58551   0.23610  -1.33123  -1.63920  -1.85438 0.20500E+03   0.31756
  0.25991507E+08   9.77076   4.48807   3.58544   0.23501  -1.33086  -1.63874  -1.85384 0.20545E+03   0.31762
  0.25991695E+08   9.77027   4.48882   3.58538   0.23399  -1.33063  -1.63844  -1.85349 0.20579E+03   0.31766
  0.25991920E+08   9.76967   4.48935   3.58533   0.23325  -1.33052  -1.63828  -1.85329 0.20609E+03   0.31767
  0.25992190E+08   9.76895   4.48970   3.58530   0.23274  -1.33066  -1.63839  -1.85338 0.20628E+03   0.31763
  0.25992514E+08   9.76808   4.48972   3.58529   0.23267  -1.33120  -1.63896  -1.85398 0.20635E+03   0.31750
  0.25992903E+08   9.76705   4.48916   3.58529   0.23316  -1.33217  -1.64000  -1.85509 0.20606E+03   0.31728
  0.25993369E+08   9.76582   4.48791   3.58549   0.23518  -1.33390  -1.64192  -1.85719 0.20555E+03   0.31691
  0.25993929E+08   9.76439   4.48549   3.58571   0.23845  -1.33637  -1.64466  -1.86021 0.20465E+03   0.31639
  0.25994601E+08   9.76273   4.48187   3.58614   0.24370  -1.33967  -1.64837  -1.86431 0.20351E+03   0.31571
  0.25995407E+08   9.76083   4.47692   3.58664   0.25057  -1.34363  -1.65281  -1.86922 0.20216E+03   0.31489
  0.25996375E+08   9.75869   4.47091   3.58730   0.25914  -1.34803  -1.65777  -1.87472 0.20076E+03   0.31398
  0.25997536E+08   9.75629   4.46413   3.58800   0.26865  -1.35259  -1.66290  -1.88041 0.19943E+03   0.31304
  0.25998929E+08   9.75360   4.45710   3.58877   0.27862  -1.35690  -1.66776  -1.88581 0.19842E+03   0.31215
  0.26000601E+08   9.75060   4.45030   3.58945   0.28805  -1.36048  -1.67184  -1.89036 0.19788E+03   0.31143
  0.26002607E+08   9.74719   4.44439   3.59006   0.29624  -1.36252  -1.67425  -1.89312 0.19822E+03   0.31105
  0.26005014E+08   9.74326   4.44039   3.59040   0.30147  -1.36152  -1.67339  -1.89233 0.20013E+03   0.31133
  0.26007903E+08   9.73855   4.44030   3.59028   0.30088  -1.35530  -1.66679  -1.88527 0.20444E+03   0.31273
  0.26009171E+08   9.73632   4.44728   3.58972   0.29145  -1.35179  -1.66303  -1.88124 0.20724E+03   0.31351
  0.26010693E+08   9.73352   4.45166   3.58891   0.28375  -1.34608  -1.65677  -1.87439 0.21086E+03   0.31474
  0.26012519E+08   9.72990   4.45919   3.58832   0.27375  -1.33826  -1.64811  -1.86488 0.21627E+03   0.31640
  0.26013615E+08   9.72747   4.47015   3.58719   0.25808  -1.33345  -1.64275  -1.85899 0.22017E+03   0.31741
  0.26014930E+08   9.72433   4.47714   3.58610   0.24664  -1.32748  -1.63605  -1.85160 0.22506E+03   0.31866
  0.26016508E+08   9.72019   4.48604   3.58489   0.23275  -1.31999  -1.62753  -1.84210 0.23055E+03   0.32019
  0.26017454E+08   9.71742   4.49699   3.58412   0.21854  -1.31590  -1.62292  -1.83700 0.23424E+03   0.32104
  0.26018590E+08   9.71387   4.50337   3.58338   0.20906  -1.31066  -1.61690  -1.83027 0.23858E+03   0.32209
  0.26019953E+08   9.70926   4.51098   3.58269   0.19854  -1.30490  -1.61034  -1.82297 0.24454E+03   0.32327
  0.26021589E+08   9.70319   4.51977   3.58132   0.18407  -1.29806  -1.60249  -1.81422 0.25157E+03   0.32465
  0.26023552E+08   9.69507   4.53014   3.58007   0.16841  -1.28997  -1.59314  -1.80374 0.25964E+03   0.32627
  0.26024730E+08   9.68957   4.54207   3.57920   0.15265  -1.28532  -1.58786  -1.79788 0.26522E+03   0.32723
  0.26025908E+08   9.68367   4.54879   3.57824   0.14185  -1.28061  -1.58252  -1.79197 0.27086E+03   0.32820
  0.26027086E+08   9.67734   4.55544   3.57739   0.13154  -1.27581  -1.57709  -1.78596 0.27636E+03   0.32921
  0.26028263E+08   9.67056   4.56193   3.57681   0.12245  -1.27111  -1.57182  -1.78016 0.28228E+03   0.33021
  0.26029677E+08   9.66187   4.56823   3.57608   0.11293  -1.26551  -1.56548  -1.77315 0.28951E+03   0.33138
  0.26031373E+08   9.65059   4.57574   3.57539   0.10227  -1.25911  -1.55826  -1.76519 0.29918E+03   0.33272
  0.26033408E+08   9.63573   4.58443   3.57421   0.08836  -1.25148  -1.54956  -1.75550 0.31081E+03   0.33430
  0.26035036E+08   9.62251   4.59465   3.57352   0.07469  -1.24549  -1.54281  -1.74805 0.32147E+03   0.33557
  0.26036339E+08   9.61101   4.60241   3.57265   0.06285  -1.24087  -1.53764  -1.74240 0.33135E+03   0.33656
  0.26037381E+08   9.60117   4.60844   3.57156   0.05195  -1.23692  -1.53314  -1.73739 0.33877E+03   0.33740
  0.26038215E+08   9.59289   4.61332   3.57145   0.04616  -1.23412  -1.52999  -1.73393 0.34551E+03   0.33799
  0.26039215E+08   9.58254   4.61705   3.57111   0.04071  -1.23056  -1.52589  -1.72935 0.35453E+03   0.33872
  0.26039815E+08   9.57602   4.62160   3.57054   0.03340  -1.22852  -1.52360  -1.72685 0.36041E+03   0.33916
  0.26040535E+08   9.56796   4.62409   3.57013   0.02899  -1.22599  -1.52068  -1.72357 0.36769E+03   0.33967
  0.26041400E+08   9.55794   4.62742   3.56987   0.02425  -1.22313  -1.51735  -1.71985 0.37737E+03   0.34025
  0.26042091E+08   9.54959   4.63120   3.56943   0.01824  -1.22101  -1.51497  -1.71726 0.38655E+03   0.34069
  0.26042644E+08   9.54267   4.63401   3.56868   0.01208  -1.21912  -1.51280  -1.71485 0.39398E+03   0.34108
  0.26043087E+08   9.53700   4.63635   3.56842   0.00836  -1.21770  -1.51118  -1.71305 0.40038E+03   0.34138
  0.26043441E+08   9.53236   4.63817   3.56820   0.00543  -1.21636  -1.50959  -1.71125 0.40511E+03   0.34165
  0.26043866E+08   9.52671   4.63975   3.56847   0.00471  -1.21508  -1.50813  -1.70963 0.41239E+03   0.34191
  0.26044376E+08   9.51980   4.64139   3.56812   0.00141  -1.21341  -1.50616  -1.70740 0.42146E+03   0.34223
  0.26044987E+08   9.51131   4.64355   3.56801  -0.00150  -1.21162  -1.50406  -1.70506 0.43409E+03   0.34259
  0.26045477E+08   9.50434   4.64586   3.56773  -0.00533  -1.21022  -1.50245  -1.70326 0.44575E+03   0.34288
  0.26045868E+08   9.49864   4.64759   3.56754  -0.00812  -1.20916  -1.50125  -1.70195 0.45651E+03   0.34310
  0.26046338E+08   9.49171   4.64887   3.56730  -0.01065  -1.20794  -1.49986  -1.70044 0.47218E+03   0.34335
  0.26046620E+08   9.48746   4.65039   3.56674  -0.01471  -1.20698  -1.49873  -1.69914 0.48184E+03   0.34355
  0.26046958E+08   9.48232   4.65137   3.56704  -0.01471  -1.20625  -1.49790  -1.69823 0.49674E+03   0.34370
  0.26047364E+08   9.47609   4.65223   3.56678  -0.01683  -1.20532  -1.49681  -1.69701 0.51833E+03   0.34388
  0.26047690E+08   9.47102   4.65327   3.56681  -0.01803  -1.20485  -1.49630  -1.69646 0.54184E+03   0.34399
  0.26047955E+08   9.46687   4.65368   3.56657  -0.01964  -1.20450  -1.49592  -1.69606 0.56731E+03   0.34407
  0.26048170E+08   9.46348   4.65390   3.56651  -0.02027  -1.20432  -1.49573  -1.69586 0.59599E+03   0.34411
  0.26048343E+08   9.46076   4.65399   3.56645  -0.02076  -1.20424  -1.49567  -1.69580 0.62915E+03   0.34414
  0.26048482E+08   9.45858   4.65392   3.56643  -0.02090  -1.20424  -1.49569  -1.69583 0.66974E+03   0.34414
