#     AGE           MASS      LOGL     LOGTEFF    LOG G     LOGK2     LOGK3     LOGK4      APOT        BETA
  0.93391670E+06   6.99994   3.24617   4.33390   4.32590  -1.99188  -2.67666  -3.15974 0.15537E+01   0.25882
  0.10768955E+07   6.99993   3.24639   4.33340   4.32367  -1.99301  -2.67770  -3.16072 0.15549E+01   0.25866
  0.12484701E+07   6.99992   3.24675   4.33285   4.32111  -1.99437  -2.67896  -3.16190 0.15563E+01   0.25846
  0.14543596E+07   6.99990   3.24726   4.33225   4.31821  -1.99601  -2.68047  -3.16332 0.15581E+01   0.25822
  0.17014270E+07   6.99989   3.24796   4.33161   4.31496  -1.99795  -2.68226  -3.16500 0.15602E+01   0.25794
  0.19979078E+07   6.99987   3.24887   4.33093   4.31131  -2.00025  -2.68436  -3.16699 0.15626E+01   0.25761
  0.23536849E+07   6.99985   3.25005   4.33021   4.30724  -2.00296  -2.68685  -3.16933 0.15656E+01   0.25721
  0.27806173E+07   6.99982   3.25154   4.32944   4.30269  -2.00616  -2.68978  -3.17210 0.15691E+01   0.25675
  0.32929362E+07   6.99979   3.25342   4.32864   4.29762  -2.00996  -2.69324  -3.17537 0.15733E+01   0.25620
  0.39077190E+07   6.99975   3.25576   4.32781   4.29194  -2.01445  -2.69734  -3.17925 0.15783E+01   0.25555
  0.46454582E+07   6.99970   3.25867   4.32694   4.28554  -2.01981  -2.70221  -3.18386 0.15843E+01   0.25477
  0.55307453E+07   6.99964   3.26228   4.32603   4.27827  -2.02621  -2.70803  -3.18938 0.15916E+01   0.25384
  0.65930899E+07   6.99957   3.26674   4.32506   4.26996  -2.03393  -2.71503  -3.19602 0.16005E+01   0.25272
  0.78679033E+07   6.99948   3.27226   4.32404   4.26034  -2.04329  -2.72350  -3.20406 0.16116E+01   0.25136
  0.93976795E+07   6.99937   3.27910   4.32293   4.24905  -2.05473  -2.73383  -3.21388 0.16252E+01   0.24971
  0.11233411E+08   6.99924   3.28759   4.32169   4.23561  -2.06885  -2.74655  -3.22598 0.16425E+01   0.24766
  0.13436288E+08   6.99907   3.29817   4.32027   4.21932  -2.08650  -2.76241  -3.24110 0.16647E+01   0.24510
  0.16079742E+08   6.99885   3.31144   4.31854   4.19914  -2.10876  -2.78236  -3.26013 0.16938E+01   0.24188
  0.19251885E+08   6.99857   3.32813   4.31635   4.17369  -2.13720  -2.80779  -3.28448 0.17328E+01   0.23776
  0.23058458E+08   6.99821   3.34927   4.31341   4.14073  -2.17459  -2.84114  -3.31653 0.17874E+01   0.23236
  0.26135589E+08   6.99788   3.37655   4.30910   4.09622  -2.20780  -2.87075  -3.34512 0.18396E+01   0.22756
  0.28749616E+08   6.99757   3.40016   4.30469   4.05495  -2.23863  -2.89821  -3.37171 0.18916E+01   0.22310
  0.31013928E+08   6.99728   3.42159   4.30004   4.01488  -2.26793  -2.92443  -3.39731 0.19443E+01   0.21887
  0.32991202E+08   6.99700   3.44131   4.29507   3.97529  -2.29525  -2.94899  -3.42143 0.19969E+01   0.21493
  0.34732364E+08   6.99673   3.45924   4.28995   3.93685  -2.32099  -2.97222  -3.44437 0.20496E+01   0.21122
  0.36278509E+08   6.99647   3.47568   4.28465   3.89918  -2.34552  -2.99448  -3.46650 0.21031E+01   0.20769
  0.37653616E+08   6.99622   3.49092   4.27913   3.86184  -2.36899  -3.01593  -3.48795 0.21576E+01   0.20432
  0.38874235E+08   6.99598   3.50508   4.27338   3.82468  -2.39144  -3.03658  -3.50874 0.22131E+01   0.20110
  0.39954947E+08   6.99575   3.51820   4.26743   3.78775  -2.41285  -3.05642  -3.52884 0.22693E+01   0.19804
  0.40910479E+08   6.99554   3.53033   4.26134   3.75124  -2.43307  -3.07531  -3.54810 0.23255E+01   0.19515
  0.41758015E+08   6.99533   3.54146   4.25523   3.71565  -2.45203  -3.09317  -3.56641 0.23814E+01   0.19246
  0.42517097E+08   6.99514   3.55164   4.24922   3.68143  -2.46989  -3.11013  -3.58390 0.24370E+01   0.18993
  0.43205666E+08   6.99495   3.56103   4.24336   3.64856  -2.48683  -3.12635  -3.60069 0.24927E+01   0.18755
  0.43839450E+08   6.99476   3.56986   4.23769   3.61708  -2.50305  -3.14200  -3.61696 0.25486E+01   0.18528
  0.44434416E+08   6.99458   3.57837   4.23235   3.58716  -2.51866  -3.15717  -3.63276 0.26056E+01   0.18311
  0.45010802E+08   6.99440   3.58692   4.22755   3.55940  -2.53379  -3.17195  -3.64815 0.26643E+01   0.18101
  0.45562435E+08   6.99421   3.59630   4.22398   3.53575  -2.54696  -3.18478  -3.66134 0.27197E+01   0.17920
  0.45792508E+08   6.99413   3.60803   4.22446   3.52592  -2.55100  -3.18862  -3.66504 0.27395E+01   0.17864
  0.45904869E+08   6.99409   3.61578   4.22873   3.53526  -2.55221  -3.18967  -3.66586 0.27469E+01   0.17848
  0.45964339E+08   6.99407   3.62178   4.23368   3.54904  -2.55266  -3.19002  -3.66597 0.27506E+01   0.17842
  0.45985748E+08   6.99406   3.62661   4.23812   3.56195  -2.55306  -3.19037  -3.66622 0.27531E+01   0.17837
  0.46007158E+08   6.99406   3.63587   4.24760   3.59063  -2.55335  -3.19062  -3.66633 0.27551E+01   0.17833
  0.46028567E+08   6.99405   3.62908   4.24023   3.56795  -2.55367  -3.19087  -3.66642 0.27576E+01   0.17829
  0.46049976E+08   6.99404   3.63198   4.24287   3.57560  -2.55426  -3.19138  -3.66673 0.27616E+01   0.17821
  0.46071385E+08   6.99403   3.63558   4.24619   3.58527  -2.55575  -3.19277  -3.66785 0.27703E+01   0.17802
  0.46084231E+08   6.99403   3.64040   4.25051   3.59774  -2.55820  -3.19510  -3.67002 0.27833E+01   0.17769
  0.46094507E+08   6.99402   3.64760   4.25645   3.61430  -2.56187  -3.19860  -3.67340 0.28035E+01   0.17718
  0.46102728E+08   6.99402   3.65435   4.26114   3.62633  -2.56628  -3.20278  -3.67748 0.28324E+01   0.17654
  0.46109305E+08   6.99402   3.66206   4.26582   3.63731  -2.56933  -3.20554  -3.68019 0.28661E+01   0.17603
  0.46114567E+08   6.99402   3.66970   4.26986   3.64584  -2.56840  -3.20432  -3.67895 0.28939E+01   0.17599
  0.46118776E+08   6.99402   3.67416   4.27197   3.64982  -2.56476  -3.20042  -3.67505 0.29136E+01   0.17629
  0.46122143E+08   6.99402   3.67204   4.27093   3.64778  -2.56153  -3.19692  -3.67161 0.29315E+01   0.17655
  0.46124837E+08   6.99401   3.66506   4.26736   3.64050  -2.56002  -3.19518  -3.66998 0.29514E+01   0.17661
  0.46126993E+08   6.99401   3.65747   4.26287   3.63011  -2.56011  -3.19506  -3.67000 0.29723E+01   0.17648
  0.46129579E+08   6.99401   3.65151   4.25850   3.61858  -2.56264  -3.19737  -3.67258 0.30069E+01   0.17603
  0.46132682E+08   6.99401   3.64748   4.25465   3.60722  -2.56922  -3.20376  -3.67943 0.30602E+01   0.17505
  0.46136406E+08   6.99401   3.64449   4.24976   3.59065  -2.58099  -3.21550  -3.69192 0.31373E+01   0.17343
  0.46139517E+08   6.99401   3.64392   4.24377   3.56727  -2.59253  -3.22717  -3.70432 0.32081E+01   0.17189
  0.46142368E+08   6.99401   3.64680   4.23666   3.53594  -2.60386  -3.23871  -3.71660 0.32763E+01   0.17042
  0.46145108E+08   6.99401   3.65085   4.23081   3.50850  -2.61494  -3.25009  -3.72872 0.33432E+01   0.16900
  0.46147809E+08   6.99401   3.65532   4.22554   3.48296  -2.62573  -3.26124  -3.74061 0.34096E+01   0.16763
  0.46151052E+08   6.99400   3.65987   4.22057   3.45849  -2.63821  -3.27420  -3.75445 0.34890E+01   0.16606
  0.46154943E+08   6.99400   3.66430   4.21573   3.43471  -2.65231  -3.28893  -3.77022 0.35829E+01   0.16431
  0.46158248E+08   6.99400   3.66927   4.21003   3.40694  -2.66361  -3.30081  -3.78295 0.36624E+01   0.16292
  0.46161319E+08   6.99400   3.67453   4.20330   3.37475  -2.67355  -3.31132  -3.79423 0.37357E+01   0.16171
  0.46164296E+08   6.99400   3.67842   4.19763   3.34818  -2.68273  -3.32107  -3.80469 0.38065E+01   0.16060
  0.46167234E+08   6.99400   3.68154   4.19238   3.32407  -2.69142  -3.33033  -3.81464 0.38765E+01   0.15955
  0.46170159E+08   6.99399   3.68414   4.18730   3.30117  -2.69974  -3.33925  -3.82421 0.39465E+01   0.15855
  0.46173077E+08   6.99399   3.68636   4.18229   3.27890  -2.70779  -3.34790  -3.83348 0.40169E+01   0.15760
  0.46175989E+08   6.99399   3.68825   4.17729   3.25701  -2.71559  -3.35631  -3.84249 0.40879E+01   0.15668
  0.46178890E+08   6.99399   3.68985   4.17227   3.23534  -2.72319  -3.36454  -3.85128 0.41599E+01   0.15579
  0.46181773E+08   6.99399   3.69117   4.16722   3.21382  -2.73059  -3.37258  -3.85985 0.42326E+01   0.15494
  0.46184634E+08   6.99399   3.69228   4.16215   3.19243  -2.73784  -3.38047  -3.86823 0.43064E+01   0.15410
  0.46187466E+08   6.99398   3.69315   4.15705   3.17114  -2.74491  -3.38820  -3.87641 0.43810E+01   0.15330
  0.46190265E+08   6.99398   3.69383   4.15192   3.14994  -2.75184  -3.39577  -3.88439 0.44569E+01   0.15252
  0.46193025E+08   6.99398   3.69431   4.14676   3.12883  -2.75862  -3.40320  -3.89219 0.45337E+01   0.15176
  0.46195741E+08   6.99398   3.69460   4.14158   3.10780  -2.76529  -3.41051  -3.89982 0.46116E+01   0.15102
  0.46198411E+08   6.99398   3.69472   4.13637   3.08684  -2.77182  -3.41767  -3.90725 0.46905E+01   0.15030
  0.46201030E+08   6.99397   3.69469   4.13114   3.06596  -2.77824  -3.42471  -3.91450 0.47707E+01   0.14960
  0.46203596E+08   6.99397   3.69449   4.12589   3.04516  -2.78454  -3.43161  -3.92157 0.48521E+01   0.14892
  0.46206107E+08   6.99397   3.69415   4.12062   3.02443  -2.79073  -3.43839  -3.92844 0.49347E+01   0.14826
  0.46208562E+08   6.99397   3.69367   4.11534   3.00378  -2.79681  -3.44504  -3.93513 0.50182E+01   0.14761
  0.46210958E+08   6.99397   3.69305   4.11004   2.98322  -2.80280  -3.45157  -3.94164 0.51031E+01   0.14698
  0.46213295E+08   6.99396   3.69230   4.10473   2.96272  -2.80869  -3.45796  -3.94794 0.51892E+01   0.14637
  0.46215573E+08   6.99396   3.69144   4.09941   2.94231  -2.81447  -3.46421  -3.95403 0.52764E+01   0.14577
  0.46217792E+08   6.99396   3.69046   4.09409   2.92198  -2.82015  -3.47034  -3.95993 0.53649E+01   0.14518
  0.46219952E+08   6.99396   3.68936   4.08875   2.90173  -2.82575  -3.47634  -3.96562 0.54546E+01   0.14461
  0.46222054E+08   6.99396   3.68816   4.08341   2.88157  -2.83127  -3.48221  -3.97112 0.55458E+01   0.14405
  0.46224096E+08   6.99395   3.68685   4.07806   2.86148  -2.83668  -3.48794  -3.97640 0.56380E+01   0.14351
  0.46226081E+08   6.99395   3.68544   4.07270   2.84146  -2.84199  -3.49352  -3.98146 0.57316E+01   0.14298
  0.46228010E+08   6.99395   3.68393   4.06734   2.82153  -2.84724  -3.49898  -3.98632 0.58264E+01   0.14245
  0.46229882E+08   6.99395   3.68232   4.06198   2.80169  -2.85240  -3.50430  -3.99096 0.59225E+01   0.14194
  0.46231701E+08   6.99395   3.68064   4.05662   2.78192  -2.85747  -3.50948  -3.99538 0.60201E+01   0.14144
  0.46233467E+08   6.99395   3.67888   4.05126   2.76223  -2.86245  -3.51450  -3.99957 0.61188E+01   0.14096
  0.46235182E+08   6.99394   3.67704   4.04589   2.74263  -2.86735  -3.51938  -4.00354 0.62191E+01   0.14048
  0.46236847E+08   6.99394   3.67511   4.04053   2.72311  -2.87217  -3.52410  -4.00729 0.63204E+01   0.14001
  0.46238463E+08   6.99394   3.67311   4.03517   2.70366  -2.87689  -3.52867  -4.01080 0.64232E+01   0.13955
  0.46240031E+08   6.99394   3.67104   4.02981   2.68429  -2.88154  -3.53310  -4.01408 0.65275E+01   0.13910
  0.46241554E+08   6.99394   3.66890   4.02445   2.66499  -2.88611  -3.53737  -4.01715 0.66331E+01   0.13865
  0.46243031E+08   6.99394   3.66669   4.01909   2.64577  -2.89058  -3.54148  -4.01998 0.67402E+01   0.13822
  0.46244466E+08   6.99393   3.66442   4.01374   2.62661  -2.89497  -3.54543  -4.02257 0.68487E+01   0.13779
  0.46245859E+08   6.99393   3.66209   4.00838   2.60754  -2.89927  -3.54921  -4.02493 0.69588E+01   0.13737
  0.46247211E+08   6.99393   3.65969   4.00303   2.58853  -2.90348  -3.55281  -4.02704 0.70706E+01   0.13696
  0.46248524E+08   6.99393   3.65723   3.99768   2.56959  -2.90759  -3.55623  -4.02889 0.71835E+01   0.13656
  0.46249799E+08   6.99393   3.65473   3.99234   2.55072  -2.91159  -3.55945  -4.03047 0.72981E+01   0.13616
  0.46251038E+08   6.99393   3.65218   3.98700   2.53191  -2.91547  -3.56246  -4.03177 0.74145E+01   0.13577
  0.46252242E+08   6.99392   3.64958   3.98167   2.51317  -2.91924  -3.56525  -4.03279 0.75322E+01   0.13539
  0.46253412E+08   6.99392   3.64693   3.97633   2.49450  -2.92287  -3.56782  -4.03349 0.76515E+01   0.13501
  0.46254550E+08   6.99392   3.64424   3.97101   2.47589  -2.92637  -3.57015  -4.03389 0.77724E+01   0.13465
  0.46255656E+08   6.99392   3.64150   3.96569   2.45735  -2.92972  -3.57221  -4.03395 0.78951E+01   0.13429
  0.46256732E+08   6.99392   3.63872   3.96037   2.43887  -2.93291  -3.57400  -4.03367 0.80194E+01   0.13394
  0.46257779E+08   6.99392   3.63590   3.95506   2.42044  -2.93594  -3.57551  -4.03303 0.81456E+01   0.13359
  0.46258798E+08   6.99392   3.63305   3.94976   2.40208  -2.93880  -3.57673  -4.03203 0.82734E+01   0.13326
  0.46259790E+08   6.99391   3.63015   3.94446   2.38377  -2.94146  -3.57765  -4.03064 0.84031E+01   0.13293
  0.46260756E+08   6.99391   3.62722   3.93916   2.36552  -2.94393  -3.57823  -4.02885 0.85347E+01   0.13262
  0.46261697E+08   6.99391   3.62426   3.93387   2.34732  -2.94620  -3.57848  -4.02664 0.86679E+01   0.13231
  0.46262613E+08   6.99391   3.62126   3.92859   2.32917  -2.94825  -3.57838  -4.02402 0.88029E+01   0.13201
  0.46263507E+08   6.99391   3.61824   3.92331   2.31108  -2.95008  -3.57793  -4.02097 0.89399E+01   0.13172
  0.46264378E+08   6.99391   3.61518   3.91803   2.29304  -2.95171  -3.57715  -4.01752 0.90789E+01   0.13144
  0.46265227E+08   6.99391   3.61209   3.91276   2.27504  -2.95310  -3.57600  -4.01363 0.92200E+01   0.13117
  0.46266055E+08   6.99391   3.60897   3.90749   2.25708  -2.95428  -3.57452  -4.00936 0.93633E+01   0.13091
  0.46266863E+08   6.99390   3.60582   3.90222   2.23915  -2.95525  -3.57270  -4.00470 0.95089E+01   0.13065
  0.46267650E+08   6.99390   3.60265   3.89696   2.22126  -2.95596  -3.57050  -3.99960 0.96565E+01   0.13040
  0.46268418E+08   6.99390   3.59946   3.89169   2.20340  -2.95650  -3.56803  -3.99421 0.98066E+01   0.13016
  0.46269167E+08   6.99390   3.59624   3.88643   2.18558  -2.95684  -3.56526  -3.98847 0.99593E+01   0.12993
  0.46269897E+08   6.99390   3.59299   3.88117   2.16776  -2.95698  -3.56219  -3.98242 0.10115E+02   0.12970
  0.46270608E+08   6.99390   3.58973   3.87590   2.14996  -2.95693  -3.55883  -3.97608 0.10272E+02   0.12947
  0.46271302E+08   6.99390   3.58644   3.87063   2.13219  -2.95669  -3.55520  -3.96943 0.10433E+02   0.12925
  0.46271978E+08   6.99390   3.58314   3.86537   2.11443  -2.95622  -3.55126  -3.96247 0.10596E+02   0.12904
  0.46272637E+08   6.99389   3.57982   3.86011   2.09669  -2.95557  -3.54705  -3.95524 0.10762E+02   0.12883
  0.46273280E+08   6.99389   3.57648   3.85484   2.07898  -2.95472  -3.54259  -3.94776 0.10931E+02   0.12863
  0.46273906E+08   6.99389   3.57313   3.84958   2.06128  -2.95368  -3.53786  -3.94003 0.11102E+02   0.12843
  0.46274517E+08   6.99389   3.56977   3.84432   2.04359  -2.95241  -3.53284  -3.93200 0.11277E+02   0.12823
  0.46275112E+08   6.99389   3.56639   3.83906   2.02592  -2.95092  -3.52753  -3.92369 0.11454E+02   0.12805
  0.46275693E+08   6.99389   3.56300   3.83380   2.00828  -2.94920  -3.52193  -3.91509 0.11635E+02   0.12787
  0.46276259E+08   6.99389   3.55959   3.82854   1.99066  -2.94713  -3.51589  -3.90601 0.11818E+02   0.12770
  0.46276811E+08   6.99389   3.55617   3.82329   1.97306  -2.94488  -3.50964  -3.89676 0.12005E+02   0.12754
  0.46277351E+08   6.99389   3.55274   3.81804   1.95553  -2.94236  -3.50306  -3.88718 0.12194E+02   0.12739
  0.46277876E+08   6.99388   3.54929   3.81280   1.93799  -2.93955  -3.49612  -3.87723 0.12387E+02   0.12725
  0.46278390E+08   6.99388   3.54582   3.80755   1.92047  -2.93639  -3.48876  -3.86684 0.12582E+02   0.12712
  0.46278891E+08   6.99388   3.54233   3.80231   1.90298  -2.93299  -3.48112  -3.85619 0.12781E+02   0.12700
  0.46279380E+08   6.99388   3.53883   3.79707   1.88555  -2.92925  -3.47309  -3.84514 0.12983E+02   0.12689
  0.46279857E+08   6.99388   3.53530   3.79183   1.86813  -2.92510  -3.46456  -3.83354 0.13187E+02   0.12681
  0.46280324E+08   6.99388   3.53175   3.78660   1.85074  -2.92055  -3.45556  -3.82143 0.13395E+02   0.12673
  0.46280779E+08   6.99388   3.52818   3.78138   1.83342  -2.91563  -3.44613  -3.80887 0.13605E+02   0.12668
  0.46281225E+08   6.99388   3.52458   3.77616   1.81616  -2.91022  -3.43611  -3.79565 0.13819E+02   0.12665
  0.46281661E+08   6.99388   3.52094   3.77095   1.79893  -2.90450  -3.42577  -3.78213 0.14036E+02   0.12663
  0.46282086E+08   6.99388   3.51727   3.76574   1.78178  -2.89841  -3.41501  -3.76816 0.14256E+02   0.12663
  0.46282502E+08   6.99388   3.51356   3.76052   1.76462  -2.89139  -3.40306  -3.75278 0.14477E+02   0.12668
  0.46282910E+08   6.99387   3.50982   3.75530   1.74749  -2.88393  -3.39062  -3.73687 0.14700E+02   0.12675
  0.46283309E+08   6.99387   3.50603   3.75014   1.73063  -2.87578  -3.37734  -3.71998 0.14926E+02   0.12686
  0.46283701E+08   6.99387   3.50220   3.74497   1.71378  -2.86696  -3.36324  -3.70216 0.15155E+02   0.12700
  0.46284085E+08   6.99387   3.49830   3.73981   1.69702  -2.85726  -3.34806  -3.68305 0.15384E+02   0.12720
  0.46284462E+08   6.99387   3.49434   3.73465   1.68036  -2.84657  -3.33164  -3.66248 0.15613E+02   0.12745
  0.46284832E+08   6.99387   3.49032   3.72952   1.66386  -2.83465  -3.31366  -3.64007 0.15842E+02   0.12777
  0.46285198E+08   6.99387   3.48622   3.72442   1.64755  -2.82116  -3.29367  -3.61524 0.16068E+02   0.12818
  0.46285559E+08   6.99387   3.48203   3.71935   1.63147  -2.80527  -3.27057  -3.58667 0.16285E+02   0.12874
  0.46285919E+08   6.99387   3.47774   3.71434   1.61573  -2.78555  -3.24244  -3.55209 0.16486E+02   0.12953
  0.46286351E+08   6.99387   3.47332   3.70945   1.60058  -2.75580  -3.20091  -3.50150 0.16697E+02   0.13086
  0.46286870E+08   6.99387   3.46874   3.70478   1.58646  -2.71174  -3.14082  -3.42943 0.16908E+02   0.13303
  0.46287330E+08   6.99386   3.46299   3.69950   1.57110  -2.66638  -3.08062  -3.35864 0.17059E+02   0.13544
  0.46287777E+08   6.99386   3.45569   3.69363   1.55490  -2.61733  -3.01738  -3.28593 0.17171E+02   0.13827
  0.46288313E+08   6.99386   3.44881   3.68879   1.54244  -2.55281  -2.93754  -3.19691 0.17249E+02   0.14240
  0.46288957E+08   6.99386   3.44176   3.68443   1.53204  -2.47517  -2.85002  -3.10564 0.17222E+02   0.14851
  0.46289729E+08   6.99386   3.43296   3.67977   1.52222  -2.38281  -2.75089  -3.00554 0.17115E+02   0.15694
  0.46290656E+08   6.99386   3.42359   3.67595   1.51632  -2.26993  -2.63213  -2.88669 0.16928E+02   0.16863
  0.46291769E+08   6.99385   3.41175   3.67210   1.51274  -2.13426  -2.49179  -2.74722 0.16677E+02   0.18470
  0.46292720E+08   6.99385   3.39645   3.66783   1.51095  -2.02325  -2.37860  -2.63533 0.16492E+02   0.19962
  0.46293627E+08   6.99385   3.37789   3.66287   1.50966  -1.92178  -2.27633  -2.53467 0.16360E+02   0.21475
  0.46294716E+08   6.99385   3.36464   3.65885   1.50683  -1.80619  -2.16128  -2.42198 0.16298E+02   0.23379
  0.46296022E+08   6.99385   3.35469   3.65504   1.50157  -1.68226  -2.03981  -2.30368 0.16478E+02   0.25644
  0.46297213E+08   6.99384   3.34760   3.65034   1.48983  -1.58938  -1.95030  -2.21705 0.17006E+02   0.27496
  0.46298260E+08   6.99384   3.35157   3.64443   1.46223  -1.52464  -1.88891  -2.15793 0.17786E+02   0.28872
  0.46299099E+08   6.99384   3.37081   3.63849   1.41925  -1.48458  -1.85145  -2.12197 0.18635E+02   0.29762
  0.46299769E+08   6.99384   3.40021   3.63298   1.36780  -1.45923  -1.82789  -2.09928 0.19431E+02   0.30342
  0.46300315E+08   6.99383   3.43085   3.62831   1.31848  -1.44285  -1.81278  -2.08471 0.20148E+02   0.30724
  0.46300792E+08   6.99383   3.45928   3.62480   1.27600  -1.43107  -1.80192  -2.07418 0.20803E+02   0.31003
  0.46301234E+08   6.99383   3.48288   3.62172   1.24008  -1.42205  -1.79358  -2.06604 0.21419E+02   0.31219
  0.46301662E+08   6.99383   3.50388   3.61917   1.20889  -1.41477  -1.78683  -2.05939 0.22010E+02   0.31394
  0.46302175E+08   6.99383   3.52296   3.61692   1.18081  -1.40761  -1.78017  -2.05275 0.22687E+02   0.31567
  0.46302791E+08   6.99382   3.54067   3.61487   1.15490  -1.40085  -1.77381  -2.04635 0.23438E+02   0.31731
  0.46303349E+08   6.99382   3.56031   3.61265   1.12637  -1.39593  -1.76915  -2.04159 0.24061E+02   0.31851
  0.46304020E+08   6.99382   3.58118   3.61030   1.09612  -1.39133  -1.76478  -2.03711 0.24718E+02   0.31963
  0.46304824E+08   6.99381   3.59781   3.60843   1.07202  -1.38688  -1.76047  -2.03261 0.25370E+02   0.32071
  0.46305788E+08   6.99381   3.61441   3.60650   1.04768  -1.38281  -1.75651  -2.02846 0.26002E+02   0.32170
  0.46306946E+08   6.99380   3.63068   3.60479   1.02458  -1.37908  -1.75290  -2.02470 0.26604E+02   0.32261
  0.46308336E+08   6.99379   3.64547   3.60318   1.00335  -1.37549  -1.74942  -2.02105 0.27174E+02   0.32348
  0.46310003E+08   6.99377   3.65860   3.60173   0.98438  -1.37202  -1.74608  -2.01757 0.27741E+02   0.32434
  0.46312003E+08   6.99376   3.67029   3.60047   0.96770  -1.36849  -1.74269  -2.01407 0.28339E+02   0.32522
  0.46314404E+08   6.99374   3.68084   3.59928   0.95238  -1.36467  -1.73900  -2.01023 0.29000E+02   0.32616
  0.46317285E+08   6.99371   3.69105   3.59810   0.93744  -1.36052  -1.73498  -2.00603 0.29776E+02   0.32719
  0.46320742E+08   6.99368   3.70174   3.59696   0.92217  -1.35579  -1.73034  -2.00114 0.30697E+02   0.32835
  0.46324891E+08   6.99364   3.71342   3.59568   0.90537  -1.35068  -1.72540  -1.99596 0.31857E+02   0.32962
  0.46329869E+08   6.99359   3.72679   3.59438   0.88680  -1.34446  -1.71927  -1.98945 0.33266E+02   0.33114
  0.46335843E+08   6.99353   3.74202   3.59262   0.86456  -1.33747  -1.71242  -1.98218 0.35056E+02   0.33287
  0.46340784E+08   6.99347   3.75997   3.59089   0.83965  -1.33098  -1.70614  -1.97557 0.36567E+02   0.33448
  0.46344912E+08   6.99341   3.78078   3.58873   0.81021  -1.32555  -1.70103  -1.97027 0.37868E+02   0.33586
  0.46348412E+08   6.99337   3.79754   3.58720   0.78732  -1.32067  -1.69641  -1.96549 0.38901E+02   0.33709
  0.46351639E+08   6.99332   3.81107   3.58581   0.76822  -1.31675  -1.69268  -1.96161 0.39753E+02   0.33808
  0.46355512E+08   6.99327   3.82209   3.58485   0.75338  -1.31330  -1.68932  -1.95802 0.40548E+02   0.33894
  0.46360160E+08   6.99320   3.83154   3.58402   0.74060  -1.31063  -1.68675  -1.95528 0.41201E+02   0.33962
  0.46363878E+08   6.99314   3.84110   3.58314   0.72752  -1.30857  -1.68477  -1.95320 0.41523E+02   0.34013
  0.46367429E+08   6.99308   3.84934   3.58221   0.71553  -1.30721  -1.68348  -1.95184 0.41760E+02   0.34048
  0.46371690E+08   6.99301   3.85413   3.58186   0.70935  -1.30616  -1.68243  -1.95069 0.41974E+02   0.34074
  0.46376803E+08   6.99293   3.85761   3.58155   0.70463  -1.30561  -1.68181  -1.94996 0.42185E+02   0.34086
  0.46382938E+08   6.99283   3.86079   3.58132   0.70051  -1.30532  -1.68144  -1.94949 0.42373E+02   0.34092
  0.46390301E+08   6.99271   3.86350   3.58109   0.69689  -1.30547  -1.68148  -1.94944 0.42557E+02   0.34086
  0.46397323E+08   6.99259   3.86550   3.58095   0.69431  -1.30585  -1.68178  -1.94967 0.42708E+02   0.34075
  0.46405749E+08   6.99245   3.86673   3.58086   0.69274  -1.30642  -1.68226  -1.95012 0.42853E+02   0.34060
  0.46415859E+08   6.99228   3.86716   3.58085   0.69223  -1.30739  -1.68321  -1.95110 0.43047E+02   0.34036
  0.46427993E+08   6.99208   3.86697   3.58092   0.69270  -1.30833  -1.68406  -1.95194 0.43217E+02   0.34012
  0.46442552E+08   6.99184   3.86620   3.58083   0.69312  -1.30945  -1.68509  -1.95297 0.43411E+02   0.33983
  0.46460024E+08   6.99156   3.86503   3.58101   0.69499  -1.31070  -1.68625  -1.95413 0.43640E+02   0.33951
  0.46480990E+08   6.99122   3.86353   3.58122   0.69730  -1.31210  -1.68754  -1.95542 0.43898E+02   0.33915
  0.46506149E+08   6.99081   3.86180   3.58146   0.70000  -1.31365  -1.68896  -1.95684 0.44180E+02   0.33875
  0.46536340E+08   6.99033   3.85986   3.58176   0.70309  -1.31546  -1.69064  -1.95852 0.44535E+02   0.33829
  0.46572570E+08   6.98975   3.85770   3.58215   0.70679  -1.31749  -1.69253  -1.96044 0.44911E+02   0.33777
  0.46604848E+08   6.98925   3.85524   3.58239   0.71020  -1.31947  -1.69447  -1.96245 0.45303E+02   0.33729
  0.46643583E+08   6.98864   3.85248   3.58275   0.71435  -1.32127  -1.69612  -1.96409 0.45652E+02   0.33683
  0.46690065E+08   6.98793   3.85017   3.58279   0.71681  -1.32342  -1.69815  -1.96616 0.46039E+02   0.33628
  0.46731478E+08   6.98730   3.84759   3.58317   0.72086  -1.32530  -1.69992  -1.96797 0.46360E+02   0.33581
  0.46771228E+08   6.98670   3.84446   3.58352   0.72534  -1.32690  -1.70139  -1.96945 0.46610E+02   0.33540
  0.46808676E+08   6.98615   3.84146   3.58387   0.72971  -1.32855  -1.70301  -1.97114 0.46865E+02   0.33499
  0.46844122E+08   6.98563   3.83861   3.58435   0.73441  -1.32992  -1.70430  -1.97246 0.47041E+02   0.33465
  0.46877633E+08   6.98514   3.83583   3.58455   0.73798  -1.33147  -1.70588  -1.97416 0.47231E+02   0.33428
  0.46917845E+08   6.98456   3.83307   3.58494   0.74227  -1.33292  -1.70727  -1.97561 0.47371E+02   0.33392
  0.46966101E+08   6.98388   3.83030   3.58507   0.74554  -1.33460  -1.70888  -1.97729 0.47484E+02   0.33350
  0.47007406E+08   6.98330   3.82702   3.58549   0.75043  -1.33635  -1.71067  -1.97923 0.47579E+02   0.33308
  0.47045878E+08   6.98277   3.82295   3.58605   0.75673  -1.33787  -1.71218  -1.98085 0.47613E+02   0.33271
  0.47082397E+08   6.98228   3.81882   3.58641   0.76225  -1.33948  -1.71384  -1.98267 0.47653E+02   0.33234
  0.47126219E+08   6.98170   3.81476   3.58687   0.76811  -1.34109  -1.71543  -1.98436 0.47629E+02   0.33194
  0.47178806E+08   6.98101   3.81076   3.58717   0.77328  -1.34324  -1.71763  -1.98676 0.47611E+02   0.33144
  0.47222293E+08   6.98045   3.80612   3.58775   0.78020  -1.34500  -1.71938  -1.98863 0.47504E+02   0.33100
  0.47261762E+08   6.97996   3.80046   3.58824   0.78781  -1.34665  -1.72099  -1.99035 0.47358E+02   0.33060
  0.47299470E+08   6.97950   3.79500   3.58891   0.79590  -1.34839  -1.72275  -1.99225 0.47226E+02   0.33018
  0.47335037E+08   6.97907   3.78974   3.58962   0.80396  -1.35006  -1.72442  -1.99405 0.47075E+02   0.32977
  0.47377717E+08   6.97857   3.78462   3.59020   0.81138  -1.35230  -1.72672  -1.99657 0.46976E+02   0.32925
  0.47428933E+08   6.97798   3.77970   3.59082   0.81875  -1.35461  -1.72899  -1.99896 0.46757E+02   0.32868
  0.47490392E+08   6.97729   3.77399   3.59111   0.82558  -1.35763  -1.73195  -2.00210 0.46487E+02   0.32794
  0.47517771E+08   6.97699   3.76731   3.59191   0.83542  -1.35932  -1.73361  -2.00386 0.46291E+02   0.32753
  0.47550626E+08   6.97664   3.75920   3.59277   0.84696  -1.36129  -1.73550  -2.00583 0.46067E+02   0.32704
  0.47590052E+08   6.97623   3.75454   3.59338   0.85402  -1.36364  -1.73778  -2.00821 0.45812E+02   0.32646
  0.47637363E+08   6.97575   3.74914   3.59401   0.86193  -1.36667  -1.74077  -2.01136 0.45597E+02   0.32573
  0.47694136E+08   6.97519   3.74313   3.59478   0.87097  -1.37009  -1.74401  -2.01467 0.45268E+02   0.32487
  0.47762264E+08   6.97453   3.73627   3.59525   0.87971  -1.37444  -1.74810  -2.01883 0.44868E+02   0.32378
  0.47822963E+08   6.97397   3.72836   3.59621   0.89139  -1.37895  -1.75236  -2.02314 0.44495E+02   0.32265
  0.47881223E+08   6.97345   3.71903   3.59737   0.90534  -1.38367  -1.75678  -2.02759 0.44130E+02   0.32146
  0.47936111E+08   6.97297   3.71014   3.59838   0.91821  -1.38853  -1.76134  -2.03217 0.43808E+02   0.32025
  0.48001977E+08   6.97242   3.70158   3.59937   0.93070  -1.39427  -1.76660  -2.03733 0.43419E+02   0.31879
  0.48081016E+08   6.97178   3.69362   3.60023   0.94208  -1.40168  -1.77346  -2.04411 0.43041E+02   0.31693
  0.48146377E+08   6.97128   3.68486   3.60140   0.95551  -1.40859  -1.77977  -2.05026 0.42708E+02   0.31518
  0.48224811E+08   6.97069   3.67517   3.60251   0.96957  -1.41712  -1.78749  -2.05769 0.42339E+02   0.31301
  0.48318932E+08   6.97000   3.66707   3.60357   0.98190  -1.42805  -1.79743  -2.06728 0.41974E+02   0.31026
  0.48402790E+08   6.96942   3.65831   3.60487   0.99582  -1.43922  -1.80760  -2.07706 0.41711E+02   0.30745
  0.48503420E+08   6.96874   3.64898   3.60626   1.01067  -1.45322  -1.82022  -2.08906 0.41418E+02   0.30393
  0.48624175E+08   6.96795   3.64104   3.60734   1.02289  -1.47143  -1.83674  -2.10477 0.41188E+02   0.29939
  0.48727539E+08   6.96730   3.63295   3.60881   1.03683  -1.48983  -1.85344  -2.12063 0.41057E+02   0.29484
  0.48851576E+08   6.96653   3.62494   3.61033   1.05086  -1.51362  -1.87507  -2.14112 0.40985E+02   0.28901
  0.49000420E+08   6.96564   3.61896   3.61160   1.06189  -1.54533  -1.90395  -2.16840 0.41018E+02   0.28133
  0.49179033E+08   6.96460   3.61363   3.61310   1.07316  -1.58994  -1.94480  -2.20699 0.41239E+02   0.27075
  0.49393368E+08   6.96336   3.60965   3.61486   1.08411  -1.65999  -2.00936  -2.26800 0.41762E+02   0.25467
  0.49521969E+08   6.96262   3.60805   3.61693   1.09391  -1.73547  -2.07953  -2.33444 0.42393E+02   0.23819
  0.49599130E+08   6.96217   3.61115   3.61982   1.10231  -1.81291  -2.15202  -2.40316 0.43031E+02   0.22221
  0.49645426E+08   6.96189   3.61838   3.62243   1.10547  -1.89012  -2.22480  -2.47227 0.43631E+02   0.20727
  0.49673204E+08   6.96172   3.62796   3.62508   1.10648  -1.95963  -2.29058  -2.53478 0.44152E+02   0.19463
  0.49706538E+08   6.96151   3.63871   3.62770   1.10620  -2.09427  -2.41906  -2.65723 0.44987E+02   0.17248
  0.49726538E+08   6.96138   3.64879   3.63001   1.10534  -2.21170  -2.53194  -2.76507 0.45564E+02   0.15550
  0.49746858E+08   6.96124   3.66771   3.63472   1.10523  -2.37013  -2.68555  -2.91237 0.46003E+02   0.13590
  0.49764241E+08   6.96112   3.68344   3.63906   1.10687  -2.53715  -2.85004  -3.07132 0.46064E+02   0.11915
  0.49771380E+08   6.96107   3.70173   3.64543   1.11406  -2.64081  -2.96328  -3.18772 0.45498E+02   0.11220
  0.49778809E+08   6.96102   3.71723   3.65265   1.12741  -2.75709  -3.09942  -3.33441 0.44294E+02   0.10628
  0.49784753E+08   6.96097   3.72441   3.65873   1.14456  -2.84090  -3.20281  -3.45030 0.43026E+02   0.10285
  0.49789508E+08   6.96094   3.73104   3.66790   1.17460  -2.89633  -3.27391  -3.53254 0.41852E+02   0.10099
  0.49793406E+08   6.96092   3.73550   3.67665   1.20513  -2.93159  -3.32044  -3.58754 0.40794E+02   0.10004
  0.49796775E+08   6.96089   3.73861   3.68446   1.23326  -2.95692  -3.35450  -3.62829 0.39883E+02   0.09949
  0.49799842E+08   6.96088   3.74089   3.69140   1.25873  -2.97720  -3.38215  -3.66165 0.39087E+02   0.09911
  0.49802785E+08   6.96086   3.74268   3.69743   1.28108  -2.99406  -3.40543  -3.68986 0.38353E+02   0.09886
  0.49805706E+08   6.96084   3.74418   3.70278   1.30096  -3.00907  -3.42637  -3.71534 0.37668E+02   0.09867
  0.49809212E+08   6.96082   3.74550   3.70777   1.31961  -3.02476  -3.44853  -3.74241 0.36899E+02   0.09853
  0.49813418E+08   6.96079   3.74672   3.71252   1.33738  -3.04089  -3.47162  -3.77069 0.36056E+02   0.09844
  0.49817171E+08   6.96077   3.74807   3.71793   1.35769  -3.05340  -3.48980  -3.79304 0.35368E+02   0.09841
  0.49820839E+08   6.96075   3.74953   3.72399   1.38046  -3.06412  -3.50558  -3.81249 0.34751E+02   0.09841
  0.49825241E+08   6.96073   3.75071   3.72904   1.39947  -3.07518  -3.52211  -3.83290 0.34082E+02   0.09845
  0.49830523E+08   6.96070   3.75179   3.73366   1.41686  -3.08643  -3.53919  -3.85405 0.33370E+02   0.09853
  0.49835407E+08   6.96067   3.75297   3.73876   1.43611  -3.09511  -3.55263  -3.87074 0.32779E+02   0.09863
  0.49841268E+08   6.96064   3.75427   3.74433   1.45706  -3.10397  -3.56657  -3.88810 0.32156E+02   0.09875
  0.49848300E+08   6.96061   3.75538   3.74905   1.47485  -3.11282  -3.58078  -3.90584 0.31507E+02   0.09891
  0.49854835E+08   6.96057   3.75661   3.75416   1.49404  -3.11971  -3.59206  -3.91997 0.30977E+02   0.09906
  0.49862676E+08   6.96053   3.75798   3.75961   1.51448  -3.12675  -3.60378  -3.93469 0.30424E+02   0.09922
  0.49867381E+08   6.96051   3.75918   3.76419   1.53158  -3.13052  -3.61015  -3.94271 0.30120E+02   0.09932
  0.49873027E+08   6.96048   3.76054   3.76909   1.54984  -3.13462  -3.61716  -3.95155 0.29785E+02   0.09943
  0.49879802E+08   6.96045   3.76133   3.77185   1.56009  -3.13906  -3.62481  -3.96122 0.29421E+02   0.09956
  0.49887932E+08   6.96041   3.76225   3.77494   1.57152  -3.14379  -3.63309  -3.97171 0.29025E+02   0.09970
  0.49892810E+08   6.96039   3.76333   3.77837   1.58418  -3.14640  -3.63772  -3.97759 0.28802E+02   0.09978
  0.49898663E+08   6.96036   3.76457   3.78218   1.59816  -3.14931  -3.64294  -3.98423 0.28549E+02   0.09988
  0.49905688E+08   6.96033   3.76531   3.78437   1.60618  -3.15262  -3.64889  -3.99182 0.28267E+02   0.09999
  0.49914117E+08   6.96029   3.76618   3.78688   1.61534  -3.15616  -3.65539  -4.00012 0.27950E+02   0.10011
  0.49924232E+08   6.96025   3.76721   3.78974   1.62575  -3.16004  -3.66263  -4.00940 0.27596E+02   0.10026
  0.49936370E+08   6.96019   3.76840   3.79300   1.63761  -3.16437  -3.67082  -4.01996 0.27206E+02   0.10042
  0.49950935E+08   6.96013   3.76979   3.79671   1.65103  -3.16890  -3.67963  -4.03137 0.26774E+02   0.10062
  0.49968414E+08   6.96006   3.77141   3.80089   1.66615  -3.17373  -3.68930  -4.04399 0.26299E+02   0.10084
  0.49989388E+08   6.95997   3.77329   3.80564   1.68325  -3.17878  -3.69979  -4.05780 0.25779E+02   0.10110
  0.50008139E+08   6.95989   3.77545   3.81099   1.70249  -3.18276  -3.70839  -4.06921 0.25345E+02   0.10132
  0.50026334E+08   6.95982   3.77795   3.81702   1.72411  -3.18630  -3.71629  -4.07979 0.24947E+02   0.10153
  0.50043862E+08   6.95975   3.78015   3.82219   1.74259  -3.18937  -3.72343  -4.08946 0.24581E+02   0.10174
  0.50060360E+08   6.95968   3.78226   3.82706   1.75993  -3.19188  -3.72965  -4.09797 0.24250E+02   0.10194
  0.50080158E+08   6.95960   3.78426   3.83162   1.77618  -3.19472  -3.73684  -4.10791 0.23876E+02   0.10217
  0.50103915E+08   6.95951   3.78611   3.83583   1.79116  -3.19756  -3.74459  -4.11878 0.23459E+02   0.10244
  0.50125244E+08   6.95943   3.78824   3.84068   1.80844  -3.19980  -3.75106  -4.12797 0.23105E+02   0.10267
  0.50150840E+08   6.95934   3.79068   3.84622   1.82816  -3.20219  -3.75831  -4.13840 0.22713E+02   0.10294
  0.50181555E+08   6.95922   3.79286   3.85105   1.84526  -3.20445  -3.76592  -4.14957 0.22286E+02   0.10325
  0.50208716E+08   6.95913   3.79534   3.85652   1.86470  -3.20614  -3.77209  -4.15877 0.21936E+02   0.10351
  0.50234966E+08   6.95903   3.79814   3.86266   1.88645  -3.20749  -3.77753  -4.16704 0.21619E+02   0.10375
  0.50266467E+08   6.95892   3.80059   3.86787   1.90483  -3.20869  -3.78319  -4.17581 0.21282E+02   0.10401
  0.50304268E+08   6.95879   3.80287   3.87268   1.92179  -3.20970  -3.78873  -4.18458 0.20945E+02   0.10429
  0.50338924E+08   6.95868   3.80536   3.87796   1.94039  -3.21045  -3.79314  -4.19166 0.20680E+02   0.10451
  0.50380511E+08   6.95854   3.80804   3.88347   1.95974  -3.21109  -3.79723  -4.19829 0.20440E+02   0.10471
  0.50430416E+08   6.95837   3.81039   3.88803   1.97562  -3.21187  -3.80079  -4.20392 0.20270E+02   0.10484
  0.50490302E+08   6.95818   3.81273   3.89242   1.99084  -3.21314  -3.80351  -4.20772 0.20234E+02   0.10483
  0.50562164E+08   6.95794   3.81500   3.89610   2.00328  -3.21536  -3.80509  -4.20881 0.20401E+02   0.10460
  0.50648400E+08   6.95766   3.81693   3.89820   2.00975  -3.21875  -3.80450  -4.20520 0.20902E+02   0.10401
  0.50751883E+08   6.95731   3.81832   3.89778   2.00666  -3.22290  -3.80047  -4.19519 0.21815E+02   0.10303
  0.50813972E+08   6.95710   3.81873   3.89333   1.98841  -3.22526  -3.79819  -4.18963 0.22340E+02   0.10245
  0.50874562E+08   6.95688   3.81810   3.88415   1.95230  -3.22609  -3.79121  -4.17729 0.23199E+02   0.10171
  0.50927793E+08   6.95668   3.81816   3.87914   1.93220  -3.22779  -3.78837  -4.17141 0.23704E+02   0.10116
  0.50959732E+08   6.95656   3.81645   3.87056   1.89956  -3.22711  -3.78322  -4.16331 0.24213E+02   0.10080
  0.50998058E+08   6.95642   3.81678   3.86590   1.88060  -3.22584  -3.77485  -4.15035 0.25013E+02   0.10021
  0.51044050E+08   6.95623   3.81546   3.86104   1.86249  -3.22381  -3.76399  -4.13393 0.26024E+02   0.09946
  0.51080843E+08   6.95611   3.81370   3.85344   1.83380  -3.21960  -3.75061  -4.11491 0.27128E+02   0.09880
  0.51110278E+08   6.95601   3.81197   3.84416   1.79840  -3.21443  -3.73667  -4.09567 0.28217E+02   0.09819
  0.51133826E+08   6.95593   3.80931   3.83428   1.76155  -3.20872  -3.72308  -4.07733 0.29230E+02   0.09767
  0.51152664E+08   6.95587   3.80679   3.82486   1.72639  -3.20294  -3.71042  -4.06056 0.30145E+02   0.09724
  0.51168468E+08   6.95581   3.80452   3.81639   1.69476  -3.19688  -3.69812  -4.04452 0.30995E+02   0.09688
  0.51182349E+08   6.95576   3.80250   3.80897   1.66710  -3.19048  -3.68584  -4.02867 0.31816E+02   0.09657
  0.51194888E+08   6.95571   3.80064   3.80225   1.64209  -3.18382  -3.67356  -4.01299 0.32630E+02   0.09628
  0.51206391E+08   6.95567   3.79884   3.79592   1.61854  -3.17651  -3.66067  -3.99666 0.33441E+02   0.09603
  0.51217055E+08   6.95563   3.79708   3.78978   1.59576  -3.16871  -3.64739  -3.97995 0.34259E+02   0.09581
  0.51227010E+08   6.95559   3.79533   3.78380   1.57357  -3.16041  -3.63364  -3.96275 0.35089E+02   0.09561
  0.51236335E+08   6.95556   3.79358   3.77790   1.55171  -3.15151  -3.61932  -3.94494 0.35932E+02   0.09544
  0.51245091E+08   6.95553   3.79182   3.77203   1.53003  -3.14200  -3.60437  -3.92643 0.36789E+02   0.09530
  0.51253330E+08   6.95549   3.79004   3.76621   1.50851  -3.13173  -3.58858  -3.90694 0.37660E+02   0.09519
  0.51261093E+08   6.95546   3.78824   3.76041   1.48711  -3.12076  -3.57206  -3.88662 0.38548E+02   0.09511
  0.51268419E+08   6.95543   3.78642   3.75464   1.46583  -3.10874  -3.55429  -3.86482 0.39445E+02   0.09509
  0.51275341E+08   6.95541   3.78457   3.74888   1.44464  -3.09592  -3.53564  -3.84199 0.40361E+02   0.09510
  0.51281894E+08   6.95538   3.78270   3.74316   1.42365  -3.08228  -3.51608  -3.81811 0.41296E+02   0.09515
  0.51288099E+08   6.95536   3.78080   3.73745   1.40271  -3.06728  -3.49485  -3.79222 0.42241E+02   0.09527
  0.51293984E+08   6.95533   3.77887   3.73174   1.38179  -3.05171  -3.47305  -3.76575 0.43214E+02   0.09541
  0.51299562E+08   6.95531   3.77689   3.72607   1.36108  -3.03476  -3.44961  -3.73733 0.44200E+02   0.09562
  0.51304844E+08   6.95529   3.77488   3.72035   1.34022  -3.01665  -3.42481  -3.70735 0.45203E+02   0.09590
  0.51309855E+08   6.95527   3.77282   3.71466   1.31952  -2.99693  -3.39808  -3.67515 0.46216E+02   0.09626
  0.51314618E+08   6.95525   3.77071   3.70899   1.29892  -2.97585  -3.36981  -3.64125 0.47248E+02   0.09669
  0.51319149E+08   6.95523   3.76855   3.70335   1.27852  -2.95242  -3.33872  -3.60421 0.48278E+02   0.09725
  0.51323471E+08   6.95521   3.76632   3.69770   1.25816  -2.92592  -3.30402  -3.56323 0.49291E+02   0.09797
  0.51327633E+08   6.95519   3.76402   3.69214   1.23821  -2.89526  -3.26447  -3.51709 0.50274E+02   0.09893
  0.51331689E+08   6.95517   3.76164   3.68672   1.21892  -2.85901  -3.21855  -3.46433 0.51204E+02   0.10021
  0.51335708E+08   6.95516   3.75912   3.68148   1.20048  -2.81631  -3.16558  -3.40452 0.52085E+02   0.10189
  0.51340531E+08   6.95514   3.75644   3.67648   1.18316  -2.75602  -3.09268  -3.32391 0.53103E+02   0.10454
  0.51346318E+08   6.95511   3.75350   3.67167   1.16685  -2.66946  -2.99169  -3.21529 0.54187E+02   0.10896
  0.51351282E+08   6.95509   3.74952   3.66597   1.14803  -2.58953  -2.90247  -3.12228 0.54977E+02   0.11380
  0.51355990E+08   6.95508   3.74388   3.65947   1.12766  -2.52146  -2.83135  -3.05113 0.55402E+02   0.11907
  0.51361639E+08   6.95505   3.73828   3.65424   1.11234  -2.44892  -2.75992  -2.98210 0.55541E+02   0.12613
  0.51368419E+08   6.95503   3.73282   3.65048   1.10276  -2.35606  -2.66937  -2.89506 0.55594E+02   0.13623
  0.51376554E+08   6.95500   3.72597   3.64726   1.09674  -2.23318  -2.55054  -2.78129 0.55415E+02   0.15149
  0.51386316E+08   6.95497   3.71604   3.64324   1.09058  -2.07113  -2.39511  -2.63298 0.54933E+02   0.17506
  0.51394258E+08   6.95495   3.70165   3.63841   1.08566  -1.94411  -2.27418  -2.51784 0.54578E+02   0.19637
  0.51401364E+08   6.95494   3.68124   3.63237   1.08192  -1.84458  -2.17999  -2.42820 0.54498E+02   0.21489
  0.51409891E+08   6.95492   3.66621   3.62761   1.07790  -1.75289  -2.09375  -2.34615 0.54831E+02   0.23336
  0.51420123E+08   6.95490   3.65741   3.62373   1.07118  -1.68351  -2.02892  -2.28446 0.55629E+02   0.24824
  0.51432402E+08   6.95487   3.65428   3.61978   1.05850  -1.63723  -1.98588  -2.24349 0.56590E+02   0.25859
  0.51447137E+08   6.95484   3.65756   3.61625   1.04112  -1.60491  -1.95599  -2.21506 0.57556E+02   0.26604
  0.51464819E+08   6.95480   3.66321   3.61361   1.02490  -1.57692  -1.93025  -2.19063 0.58663E+02   0.27265
  0.51486037E+08   6.95475   3.66825   3.61167   1.01209  -1.54580  -1.90171  -2.16352 0.60352E+02   0.28012
  0.51511499E+08   6.95468   3.67298   3.60999   1.00063  -1.50126  -1.86093  -2.12463 0.64158E+02   0.29102
  0.51526776E+08   6.95463   3.67972   3.60800   0.98593  -1.46182  -1.82477  -2.08980 0.70205E+02   0.30084
  0.51529831E+08   6.95461   3.69565   3.60458   0.95632  -1.45393  -1.81752  -2.08275 0.72183E+02   0.30285
  0.51531053E+08   6.95461   3.71984   3.60062   0.91630  -1.45058  -1.81441  -2.07970 0.73106E+02   0.30368
  0.51532031E+08   6.95460   3.72648   3.59962   0.90564  -1.44785  -1.81192  -2.07731 0.73954E+02   0.30437
  0.51532813E+08   6.95460   3.72939   3.59924   0.90121  -1.44541  -1.80965  -2.07507 0.74668E+02   0.30498
  0.51533439E+08   6.95460   3.73170   3.59881   0.89716  -1.44336  -1.80775  -2.07321 0.75266E+02   0.30550
  0.51533939E+08   6.95459   3.73396   3.59855   0.89387  -1.44169  -1.80620  -2.07168 0.75757E+02   0.30591
  0.51534340E+08   6.95459   3.73587   3.59831   0.89103  -1.44033  -1.80493  -2.07044 0.76157E+02   0.30625
  0.51534660E+08   6.95459   3.73752   3.59811   0.88856  -1.43924  -1.80391  -2.06943 0.76477E+02   0.30653
  0.51534917E+08   6.95459   3.73891   3.59793   0.88644  -1.43835  -1.80309  -2.06862 0.76734E+02   0.30675
  0.51535122E+08   6.95459   3.74009   3.59777   0.88462  -1.43764  -1.80243  -2.06797 0.76947E+02   0.30692
  0.51535332E+08   6.95459   3.74108   3.59763   0.88309  -1.43692  -1.80175  -2.06729 0.77182E+02   0.30711
  0.51535535E+08   6.95459   3.74192   3.59752   0.88181  -1.43620  -1.80108  -2.06662 0.77399E+02   0.30728
  0.51535736E+08   6.95458   3.74279   3.59740   0.88045  -1.43550  -1.80042  -2.06596 0.77612E+02   0.30746
  0.51535934E+08   6.95458   3.74369   3.59729   0.87909  -1.43481  -1.79977  -2.06531 0.77825E+02   0.30763
  0.51536129E+08   6.95458   3.74462   3.59717   0.87771  -1.43414  -1.79913  -2.06468 0.78029E+02   0.30779
  0.51536321E+08   6.95458   3.74555   3.59705   0.87631  -1.43348  -1.79851  -2.06405 0.78231E+02   0.30796
  0.51536512E+08   6.95458   3.74650   3.59693   0.87487  -1.43283  -1.79789  -2.06342 0.78429E+02   0.30812
  0.51536701E+08   6.95458   3.74746   3.59681   0.87341  -1.43220  -1.79728  -2.06281 0.78623E+02   0.30827
  0.51536888E+08   6.95458   3.74847   3.59669   0.87194  -1.43158  -1.79669  -2.06221 0.78812E+02   0.30842
  0.51537075E+08   6.95458   3.74948   3.59657   0.87045  -1.43099  -1.79612  -2.06163 0.79000E+02   0.30857
  0.51537260E+08   6.95458   3.75051   3.59645   0.86894  -1.43041  -1.79557  -2.06106 0.79182E+02   0.30871
  0.51537445E+08   6.95458   3.75154   3.59633   0.86741  -1.42986  -1.79503  -2.06050 0.79359E+02   0.30884
  0.51537630E+08   6.95457   3.75259   3.59620   0.86587  -1.42933  -1.79451  -2.05997 0.79532E+02   0.30897
  0.51537853E+08   6.95457   3.75365   3.59608   0.86432  -1.42872  -1.79392  -2.05935 0.79732E+02   0.30911
  0.51538119E+08   6.95457   3.75471   3.59596   0.86276  -1.42804  -1.79324  -2.05864 0.79961E+02   0.30928
  0.51538371E+08   6.95457   3.75600   3.59581   0.86089  -1.42746  -1.79266  -2.05802 0.80164E+02   0.30941
  0.51538625E+08   6.95457   3.75755   3.59565   0.85868  -1.42703  -1.79226  -2.05761 0.80371E+02   0.30952
  0.51538929E+08   6.95457   3.75898   3.59549   0.85661  -1.42644  -1.79164  -2.05694 0.80587E+02   0.30965
  0.51539295E+08   6.95456   3.76021   3.59525   0.85443  -1.42589  -1.79106  -2.05628 0.80807E+02   0.30978
  0.51539643E+08   6.95456   3.76195   3.59509   0.85207  -1.42552  -1.79064  -2.05580 0.80988E+02   0.30986
  0.51540061E+08   6.95456   3.76385   3.59492   0.84949  -1.42527  -1.79034  -2.05542 0.81164E+02   0.30990
  0.51540562E+08   6.95456   3.76546   3.59477   0.84725  -1.42525  -1.79024  -2.05524 0.81308E+02   0.30989
  0.51541164E+08   6.95455   3.76713   3.59461   0.84495  -1.42562  -1.79050  -2.05542 0.81402E+02   0.30978
  0.51541886E+08   6.95455   3.76869   3.59447   0.84282  -1.42653  -1.79129  -2.05613 0.81400E+02   0.30954
  0.51542752E+08   6.95454   3.76986   3.59436   0.84123  -1.42816  -1.79277  -2.05755 0.81259E+02   0.30912
  0.51543792E+08   6.95453   3.77028   3.59434   0.84073  -1.43052  -1.79494  -2.05968 0.80929E+02   0.30852
  0.51545040E+08   6.95452   3.76949   3.59445   0.84195  -1.43370  -1.79794  -2.06268 0.80418E+02   0.30774
  0.51546537E+08   6.95451   3.76720   3.59480   0.84565  -1.43739  -1.80146  -2.06624 0.79729E+02   0.30683
  0.51548334E+08   6.95450   3.76307   3.59532   0.85187  -1.44115  -1.80511  -2.06998 0.78951E+02   0.30592
  0.51550490E+08   6.95449   3.75738   3.59603   0.86039  -1.44430  -1.80822  -2.07324 0.78173E+02   0.30517
  0.51553078E+08   6.95448   3.75066   3.59681   0.87021  -1.44598  -1.80997  -2.07516 0.77501E+02   0.30480
  0.51554630E+08   6.95447   3.74390   3.59756   0.87999  -1.44621  -1.81028  -2.07557 0.77181E+02   0.30476
  0.51556182E+08   6.95446   3.73810   3.59816   0.88819  -1.44578  -1.81001  -2.07543 0.76962E+02   0.30490
  0.51557735E+08   6.95445   3.73549   3.59847   0.89205  -1.44459  -1.80900  -2.07454 0.76832E+02   0.30522
  0.51559287E+08   6.95445   3.73354   3.59859   0.89446  -1.44277  -1.80741  -2.07308 0.76805E+02   0.30569
  0.51561150E+08   6.95444   3.73250   3.59865   0.89574  -1.43969  -1.80465  -2.07048 0.76911E+02   0.30649
  0.51563386E+08   6.95443   3.73225   3.59859   0.89573  -1.43496  -1.80036  -2.06636 0.77257E+02   0.30769
  0.51566068E+08   6.95441   3.73318   3.59837   0.89393  -1.42819  -1.79413  -2.06028 0.77983E+02   0.30940
  0.51569287E+08   6.95440   3.73608   3.59790   0.88913  -1.41943  -1.78595  -2.05218 0.79287E+02   0.31160
  0.51573150E+08   6.95437   3.74213   3.59706   0.87974  -1.40925  -1.77629  -2.04242 0.81323E+02   0.31413
  0.51577786E+08   6.95434   3.75262   3.59570   0.86379  -1.39853  -1.76583  -2.03156 0.84038E+02   0.31674
  0.51583348E+08   6.95430   3.76839   3.59375   0.84024  -1.38849  -1.75581  -2.02092 0.87386E+02   0.31916
  0.51588201E+08   6.95424   3.78894   3.59150   0.81069  -1.38141  -1.74854  -2.01301 0.90196E+02   0.32082
  0.51592905E+08   6.95418   3.81231   3.58885   0.77673  -1.37575  -1.74260  -2.00643 0.92791E+02   0.32213
  0.51598550E+08   6.95410   3.83091   3.58687   0.75017  -1.37019  -1.73669  -1.99982 0.95794E+02   0.32341
  0.51605325E+08   6.95397   3.84711   3.58515   0.72713  -1.36438  -1.73030  -1.99252 0.99257E+02   0.32470
  0.51613454E+08   6.95379   3.86450   3.58327   0.70220  -1.35854  -1.72374  -1.98492 0.10334E+03   0.32597
  0.51620994E+08   6.95359   3.88326   3.58127   0.67541  -1.35358  -1.71801  -1.97816 0.10697E+03   0.32701
  0.51625517E+08   6.95344   3.90353   3.57908   0.64637  -1.35103  -1.71503  -1.97463 0.10929E+03   0.32755
