#     AGE           MASS      LOGL     LOGTEFF    LOG G     LOGK2     LOGK3     LOGK4      APOT        BETA
  0.56299965E+07   6.99958   3.30431   4.36294   4.38391  -1.92104  -2.59375  -3.07200 0.14974E+01   0.26824
  0.67096258E+07   6.99951   3.31026   4.36238   4.37569  -1.92858  -2.60072  -3.07868 0.15054E+01   0.26711
  0.80051809E+07   6.99942   3.31759   4.36175   4.36585  -1.93780  -2.60922  -3.08683 0.15153E+01   0.26573
  0.95598471E+07   6.99932   3.32664   4.36101   4.35383  -1.94917  -2.61967  -3.09685 0.15277E+01   0.26403
  0.11425447E+08   6.99919   3.33788   4.36007   4.33884  -1.96334  -2.63266  -3.10929 0.15435E+01   0.26191
  0.13664166E+08   6.99902   3.35197   4.35882   4.31971  -1.98125  -2.64902  -3.12497 0.15640E+01   0.25924
  0.16350629E+08   6.99881   3.36979   4.35704   4.29476  -2.00417  -2.66990  -3.14500 0.15912E+01   0.25583
  0.19574385E+08   6.99854   3.39248   4.35442   4.26158  -2.03384  -2.69683  -3.17086 0.16282E+01   0.25141
  0.23442892E+08   6.99819   3.42188   4.35036   4.21592  -2.07311  -2.73236  -3.20506 0.16804E+01   0.24557
  0.26537697E+08   6.99787   3.44724   4.34609   4.17347  -2.10789  -2.76376  -3.23538 0.17302E+01   0.24041
  0.29123522E+08   6.99757   3.47003   4.34155   4.13247  -2.13986  -2.79257  -3.26323 0.17795E+01   0.23566
  0.31337385E+08   6.99729   3.49095   4.33666   4.09201  -2.17006  -2.81988  -3.28981 0.18291E+01   0.23119
  0.33252578E+08   6.99702   3.50991   4.33160   4.05277  -2.19810  -2.84531  -3.31465 0.18784E+01   0.22704
  0.34925718E+08   6.99677   3.52722   4.32637   4.01451  -2.22432  -2.86917  -3.33806 0.19277E+01   0.22316
  0.36402860E+08   6.99652   3.54327   4.32092   3.97666  -2.24922  -2.89193  -3.36050 0.19774E+01   0.21949
  0.37711708E+08   6.99629   3.55824   4.31525   3.93900  -2.27302  -2.91379  -3.38215 0.20281E+01   0.21598
  0.38870356E+08   6.99606   3.57220   4.30938   3.90153  -2.29582  -2.93483  -3.40310 0.20799E+01   0.21261
  0.39893792E+08   6.99585   3.58521   4.30336   3.86442  -2.31759  -2.95506  -3.42335 0.21323E+01   0.20942
  0.40796557E+08   6.99565   3.59721   4.29733   3.82832  -2.33813  -2.97428  -3.44267 0.21847E+01   0.20642
  0.41596164E+08   6.99545   3.60825   4.29142   3.79360  -2.35741  -2.99242  -3.46103 0.22370E+01   0.20361
  0.42312095E+08   6.99527   3.61852   4.28568   3.76035  -2.37558  -3.00963  -3.47851 0.22891E+01   0.20097
  0.42962274E+08   6.99509   3.62826   4.28020   3.72873  -2.39281  -3.02606  -3.49526 0.23416E+01   0.19847
  0.43563492E+08   6.99492   3.63775   4.27520   3.69921  -2.40927  -3.04182  -3.51139 0.23947E+01   0.19610
  0.44134819E+08   6.99474   3.64753   4.27119   3.67338  -2.42500  -3.05694  -3.52686 0.24492E+01   0.19383
  0.44680488E+08   6.99456   3.65851   4.27021   3.65848  -2.43891  -3.07023  -3.54034 0.25028E+01   0.19180
  0.44913665E+08   6.99448   3.66473   4.27267   3.66210  -2.44360  -3.07456  -3.54458 0.25245E+01   0.19109
  0.45032406E+08   6.99444   3.66903   4.27590   3.67068  -2.44523  -3.07593  -3.54578 0.25344E+01   0.19082
  0.45174894E+08   6.99440   3.67679   4.28475   3.69834  -2.44499  -3.07521  -3.54453 0.25426E+01   0.19077
  0.45260388E+08   6.99437   3.68891   4.29897   3.74308  -2.44428  -3.07381  -3.54235 0.25533E+01   0.19073
  0.45294585E+08   6.99436   3.70538   4.31106   3.77497  -2.45107  -3.07969  -3.54767 0.25951E+01   0.18962
  0.45321943E+08   6.99435   3.72131   4.31013   3.75532  -2.47168  -3.09881  -3.56688 0.27416E+01   0.18633
  0.45332886E+08   6.99434   3.71521   4.29971   3.71973  -2.47614  -3.10297  -3.57153 0.28260E+01   0.18546
  0.45341640E+08   6.99434   3.71193   4.28697   3.67208  -2.48619  -3.11289  -3.58222 0.29254E+01   0.18391
  0.45348644E+08   6.99434   3.71394   4.27557   3.62446  -2.50077  -3.12752  -3.59777 0.30326E+01   0.18185
  0.45354247E+08   6.99433   3.71826   4.26614   3.58241  -2.51583  -3.14279  -3.61395 0.31343E+01   0.17980
  0.45358729E+08   6.99433   3.72284   4.25852   3.54735  -2.52923  -3.15649  -3.62848 0.32239E+01   0.17801
  0.45362354E+08   6.99433   3.72687   4.25233   3.51856  -2.54051  -3.16809  -3.64080 0.32998E+01   0.17654
  0.45365595E+08   6.99433   3.73054   4.24678   3.49271  -2.55069  -3.17863  -3.65201 0.33697E+01   0.17522
  0.45368655E+08   6.99433   3.73392   4.24155   3.46839  -2.56024  -3.18856  -3.66259 0.34373E+01   0.17399
  0.45371626E+08   6.99433   3.73705   4.23646   3.44490  -2.56937  -3.19810  -3.67279 0.35037E+01   0.17283
  0.45374553E+08   6.99433   3.73994   4.23143   3.42190  -2.57820  -3.20736  -3.68269 0.35705E+01   0.17171
  0.45377458E+08   6.99432   3.74260   4.22642   3.39922  -2.58678  -3.21639  -3.69237 0.36373E+01   0.17064
  0.45380350E+08   6.99432   3.74503   4.22141   3.37674  -2.59513  -3.22523  -3.70185 0.37047E+01   0.16960
  0.45383230E+08   6.99432   3.74724   4.21639   3.35442  -2.60329  -3.23390  -3.71116 0.37730E+01   0.16859
  0.45386099E+08   6.99432   3.74925   4.21134   3.33223  -2.61126  -3.24242  -3.72031 0.38423E+01   0.16761
  0.45388953E+08   6.99432   3.75106   4.20627   3.31013  -2.61908  -3.25079  -3.72931 0.39128E+01   0.16667
  0.45391787E+08   6.99432   3.75269   4.20117   3.28811  -2.62675  -3.25904  -3.73818 0.39843E+01   0.16574
  0.45394597E+08   6.99431   3.75414   4.19605   3.26618  -2.63428  -3.26718  -3.74692 0.40571E+01   0.16484
  0.45397379E+08   6.99431   3.75542   4.19090   3.24431  -2.64169  -3.27520  -3.75553 0.41311E+01   0.16396
  0.45400129E+08   6.99431   3.75654   4.18573   3.22251  -2.64897  -3.28312  -3.76403 0.42065E+01   0.16310
  0.45402842E+08   6.99431   3.75751   4.18054   3.20077  -2.65614  -3.29093  -3.77240 0.42831E+01   0.16226
  0.45405514E+08   6.99431   3.75833   4.17532   3.17909  -2.66321  -3.29865  -3.78065 0.43611E+01   0.16145
  0.45408141E+08   6.99430   3.75901   4.17009   3.15746  -2.67018  -3.30629  -3.78879 0.44406E+01   0.16065
  0.45410721E+08   6.99430   3.75956   4.16483   3.13590  -2.67705  -3.31383  -3.79682 0.45214E+01   0.15986
  0.45413252E+08   6.99430   3.75997   4.15956   3.11439  -2.68384  -3.32130  -3.80474 0.46038E+01   0.15910
  0.45415729E+08   6.99430   3.76027   4.15427   3.09293  -2.69055  -3.32868  -3.81254 0.46878E+01   0.15835
  0.45418152E+08   6.99430   3.76046   4.14897   3.07154  -2.69720  -3.33600  -3.82025 0.47733E+01   0.15761
  0.45420520E+08   6.99429   3.76053   4.14365   3.05020  -2.70377  -3.34324  -3.82783 0.48605E+01   0.15689
  0.45422831E+08   6.99429   3.76051   4.13833   3.02891  -2.71027  -3.35041  -3.83531 0.49491E+01   0.15618
  0.45425085E+08   6.99429   3.76038   4.13299   3.00769  -2.71671  -3.35750  -3.84267 0.50393E+01   0.15548
  0.45427281E+08   6.99429   3.76015   4.12764   2.98653  -2.72309  -3.36453  -3.84991 0.51312E+01   0.15480
  0.45429419E+08   6.99429   3.75983   4.12229   2.96543  -2.72941  -3.37148  -3.85703 0.52249E+01   0.15412
  0.45431500E+08   6.99428   3.75943   4.11692   2.94439  -2.73567  -3.37835  -3.86402 0.53204E+01   0.15346
  0.45433523E+08   6.99428   3.75894   4.11156   2.92341  -2.74188  -3.38514  -3.87089 0.54175E+01   0.15281
  0.45435490E+08   6.99428   3.75836   4.10618   2.90249  -2.74803  -3.39186  -3.87762 0.55163E+01   0.15217
  0.45437402E+08   6.99428   3.75771   4.10081   2.88163  -2.75414  -3.39850  -3.88422 0.56169E+01   0.15154
  0.45439258E+08   6.99428   3.75698   4.09543   2.86084  -2.76018  -3.40506  -3.89068 0.57193E+01   0.15092
  0.45441060E+08   6.99427   3.75618   4.09004   2.84011  -2.76618  -3.41153  -3.89699 0.58235E+01   0.15031
  0.45442809E+08   6.99427   3.75530   4.08466   2.81944  -2.77214  -3.41792  -3.90317 0.59296E+01   0.14971
  0.45444507E+08   6.99427   3.75436   4.07927   2.79883  -2.77804  -3.42422  -3.90919 0.60376E+01   0.14911
  0.45446154E+08   6.99427   3.75336   4.07388   2.77828  -2.78389  -3.43043  -3.91506 0.61474E+01   0.14852
  0.45447752E+08   6.99427   3.75229   4.06849   2.75779  -2.78970  -3.43655  -3.92078 0.62592E+01   0.14794
  0.45449302E+08   6.99427   3.75116   4.06310   2.73736  -2.79546  -3.44258  -3.92634 0.63730E+01   0.14737
  0.45450806E+08   6.99426   3.74998   4.05771   2.71699  -2.80118  -3.44851  -3.93174 0.64889E+01   0.14681
  0.45452264E+08   6.99426   3.74874   4.05232   2.69667  -2.80685  -3.45434  -3.93697 0.66067E+01   0.14625
  0.45453678E+08   6.99426   3.74745   4.04694   2.67642  -2.81248  -3.46007  -3.94205 0.67266E+01   0.14569
  0.45455050E+08   6.99426   3.74610   4.04155   2.65621  -2.81805  -3.46570  -3.94694 0.68487E+01   0.14515
  0.45456380E+08   6.99426   3.74471   4.03617   2.63607  -2.82357  -3.47121  -3.95166 0.69729E+01   0.14461
  0.45457671E+08   6.99425   3.74327   4.03078   2.61598  -2.82904  -3.47661  -3.95620 0.70992E+01   0.14407
  0.45458923E+08   6.99425   3.74179   4.02540   2.59594  -2.83446  -3.48189  -3.96056 0.72278E+01   0.14354
  0.45460137E+08   6.99425   3.74026   4.02002   2.57595  -2.83984  -3.48706  -3.96475 0.73586E+01   0.14301
  0.45461315E+08   6.99425   3.73869   4.01465   2.55601  -2.84515  -3.49211  -3.96875 0.74918E+01   0.14249
  0.45462459E+08   6.99425   3.73709   4.00927   2.53611  -2.85042  -3.49704  -3.97257 0.76273E+01   0.14197
  0.45463568E+08   6.99425   3.73544   4.00390   2.51627  -2.85562  -3.50183  -3.97620 0.77652E+01   0.14146
  0.45464645E+08   6.99424   3.73376   3.99853   2.49647  -2.86077  -3.50649  -3.97963 0.79057E+01   0.14095
  0.45465690E+08   6.99424   3.73205   3.99316   2.47672  -2.86585  -3.51101  -3.98286 0.80485E+01   0.14044
  0.45466704E+08   6.99424   3.73030   3.98780   2.45702  -2.87085  -3.51537  -3.98588 0.81938E+01   0.13994
  0.45467689E+08   6.99424   3.72852   3.98244   2.43736  -2.87578  -3.51957  -3.98867 0.83418E+01   0.13944
  0.45468646E+08   6.99424   3.72672   3.97709   2.41775  -2.88062  -3.52360  -3.99124 0.84925E+01   0.13895
  0.45469576E+08   6.99424   3.72488   3.97174   2.39818  -2.88537  -3.52745  -3.99356 0.86458E+01   0.13846
  0.45470479E+08   6.99424   3.72302   3.96639   2.37866  -2.89001  -3.53110  -3.99562 0.88017E+01   0.13798
  0.45471358E+08   6.99423   3.72113   3.96105   2.35918  -2.89453  -3.53453  -3.99740 0.89605E+01   0.13750
  0.45472211E+08   6.99423   3.71921   3.95571   2.33975  -2.89891  -3.53772  -3.99888 0.91218E+01   0.13703
  0.45473042E+08   6.99423   3.71727   3.95038   2.32036  -2.90316  -3.54066  -4.00004 0.92861E+01   0.13656
  0.45473850E+08   6.99423   3.71531   3.94505   2.30102  -2.90724  -3.54333  -4.00086 0.94533E+01   0.13610
  0.45474636E+08   6.99423   3.71332   3.93973   2.28171  -2.91116  -3.54572  -4.00132 0.96238E+01   0.13565
  0.45475401E+08   6.99423   3.71131   3.93441   2.26245  -2.91490  -3.54781  -4.00142 0.97968E+01   0.13521
  0.45476147E+08   6.99422   3.70928   3.92910   2.24322  -2.91845  -3.54959  -4.00112 0.99730E+01   0.13477
  0.45476873E+08   6.99422   3.70723   3.92379   2.22404  -2.92178  -3.55102  -4.00041 0.10152E+02   0.13435
  0.45477580E+08   6.99422   3.70515   3.91848   2.20490  -2.92489  -3.55210  -3.99926 0.10335E+02   0.13393
  0.45478269E+08   6.99422   3.70305   3.91318   2.18579  -2.92776  -3.55280  -3.99766 0.10520E+02   0.13352
  0.45478942E+08   6.99422   3.70093   3.90788   2.16671  -2.93040  -3.55314  -3.99563 0.10709E+02   0.13312
  0.45479597E+08   6.99422   3.69880   3.90259   2.14767  -2.93280  -3.55311  -3.99314 0.10901E+02   0.13273
  0.45480236E+08   6.99422   3.69664   3.89729   2.12865  -2.93496  -3.55270  -3.99021 0.11097E+02   0.13235
  0.45480860E+08   6.99422   3.69446   3.89200   2.10965  -2.93687  -3.55193  -3.98687 0.11297E+02   0.13198
  0.45481468E+08   6.99421   3.69225   3.88670   2.09066  -2.93856  -3.55081  -3.98311 0.11500E+02   0.13161
  0.45482061E+08   6.99421   3.69003   3.88140   2.07170  -2.94001  -3.54935  -3.97897 0.11707E+02   0.13126
  0.45482639E+08   6.99421   3.68779   3.87611   2.05277  -2.94118  -3.54749  -3.97436 0.11918E+02   0.13091
  0.45483203E+08   6.99421   3.68553   3.87081   2.03382  -2.94219  -3.54538  -3.96949 0.12133E+02   0.13057
  0.45483752E+08   6.99421   3.68324   3.86551   2.01490  -2.94296  -3.54294  -3.96425 0.12352E+02   0.13024
  0.45484288E+08   6.99421   3.68094   3.86021   1.99599  -2.94351  -3.54019  -3.95869 0.12576E+02   0.12991
  0.45484810E+08   6.99421   3.67862   3.85490   1.97710  -2.94385  -3.53716  -3.95282 0.12803E+02   0.12959
  0.45485319E+08   6.99420   3.67628   3.84960   1.95823  -2.94397  -3.53384  -3.94666 0.13036E+02   0.12927
  0.45485814E+08   6.99420   3.67393   3.84430   1.93937  -2.94387  -3.53023  -3.94020 0.13272E+02   0.12897
  0.45486297E+08   6.99420   3.67155   3.83899   1.92054  -2.94354  -3.52633  -3.93344 0.13514E+02   0.12866
  0.45486768E+08   6.99420   3.66915   3.83369   1.90173  -2.94298  -3.52213  -3.92636 0.13759E+02   0.12837
  0.45487226E+08   6.99420   3.66673   3.82839   1.88296  -2.94215  -3.51760  -3.91895 0.14009E+02   0.12809
  0.45487673E+08   6.99420   3.66429   3.82310   1.86420  -2.94109  -3.51279  -3.91125 0.14264E+02   0.12781
  0.45488109E+08   6.99420   3.66182   3.81781   1.84553  -2.93965  -3.50750  -3.90303 0.14523E+02   0.12755
  0.45488533E+08   6.99420   3.65933   3.81252   1.82687  -2.93795  -3.50190  -3.89448 0.14786E+02   0.12730
  0.45488947E+08   6.99420   3.65681   3.80723   1.80824  -2.93595  -3.49595  -3.88557 0.15055E+02   0.12707
  0.45489351E+08   6.99419   3.65426   3.80194   1.78962  -2.93371  -3.48972  -3.87637 0.15328E+02   0.12684
  0.45489744E+08   6.99419   3.65168   3.79666   1.77107  -2.93108  -3.48302  -3.86666 0.15606E+02   0.12663
  0.45490128E+08   6.99419   3.64908   3.79139   1.75260  -2.92802  -3.47580  -3.85636 0.15889E+02   0.12644
  0.45490503E+08   6.99419   3.64643   3.78611   1.73411  -2.92475  -3.46835  -3.84586 0.16177E+02   0.12625
  0.45490868E+08   6.99419   3.64375   3.78085   1.71574  -2.92094  -3.46024  -3.83459 0.16469E+02   0.12610
  0.45491225E+08   6.99419   3.64104   3.77559   1.69742  -2.91674  -3.45168  -3.82282 0.16765E+02   0.12596
  0.45491574E+08   6.99419   3.63827   3.77032   1.67911  -2.91221  -3.44274  -3.81066 0.17068E+02   0.12584
  0.45491914E+08   6.99419   3.63547   3.76509   1.66100  -2.90691  -3.43283  -3.79734 0.17372E+02   0.12576
  0.45492246E+08   6.99419   3.63261   3.75986   1.64293  -2.90114  -3.42235  -3.78337 0.17681E+02   0.12570
  0.45492572E+08   6.99418   3.62970   3.75460   1.62481  -2.89511  -3.41163  -3.76917 0.17997E+02   0.12565
  0.45492890E+08   6.99418   3.62673   3.74940   1.60699  -2.88800  -3.39951  -3.75328 0.18313E+02   0.12567
  0.45493201E+08   6.99418   3.62369   3.74420   1.58923  -2.88030  -3.38668  -3.73656 0.18633E+02   0.12571
  0.45493507E+08   6.99418   3.62058   3.73905   1.57171  -2.87150  -3.37245  -3.71814 0.18955E+02   0.12582
  0.45493807E+08   6.99418   3.61739   3.73389   1.55428  -2.86186  -3.35715  -3.69846 0.19280E+02   0.12598
  0.45494102E+08   6.99418   3.61410   3.72875   1.53701  -2.85113  -3.34047  -3.67713 0.19607E+02   0.12620
  0.45494392E+08   6.99418   3.61071   3.72366   1.52006  -2.83891  -3.32187  -3.65347 0.19932E+02   0.12650
  0.45494678E+08   6.99418   3.60720   3.71866   1.50355  -2.82472  -3.30068  -3.62669 0.20253E+02   0.12692
  0.45494962E+08   6.99418   3.60355   3.71374   1.48752  -2.80814  -3.27639  -3.59616 0.20566E+02   0.12748
  0.45495245E+08   6.99418   3.59972   3.70901   1.47242  -2.78773  -3.24708  -3.55964 0.20861E+02   0.12828
  0.45495585E+08   6.99417   3.59486   3.70382   1.45654  -2.75536  -3.20174  -3.50393 0.21166E+02   0.12972
  0.45495993E+08   6.99417   3.58863   3.69854   1.44163  -2.70345  -3.13117  -3.41903 0.21429E+02   0.13233
  0.45496367E+08   6.99417   3.58248   3.69424   1.43057  -2.64789  -3.05789  -3.33306 0.21608E+02   0.13538
  0.45496816E+08   6.99417   3.57452   3.68965   1.42019  -2.57312  -2.96283  -3.22476 0.21747E+02   0.13990
  0.45497355E+08   6.99417   3.56438   3.68507   1.41201  -2.47619  -2.84606  -3.09707 0.21801E+02   0.14664
  0.45498002E+08   6.99417   3.55270   3.68120   1.40821  -2.36242  -2.71957  -2.96633 0.21707E+02   0.15638
  0.45498779E+08   6.99416   3.53898   3.67739   1.40667  -2.23494  -2.58547  -2.83225 0.21507E+02   0.16966
  0.45499710E+08   6.99416   3.52244   3.67311   1.40613  -2.08677  -2.43362  -2.68223 0.21220E+02   0.18792
  0.45500557E+08   6.99416   3.51046   3.66918   1.40236  -1.96125  -2.30724  -2.55824 0.21034E+02   0.20580
  0.45501573E+08   6.99415   3.50281   3.66535   1.39468  -1.81754  -2.16476  -2.41917 0.20876E+02   0.22918
  0.45502793E+08   6.99415   3.50922   3.65983   1.36622  -1.66915  -2.02022  -2.27895 0.21151E+02   0.25667
  0.45503524E+08   6.99415   3.52629   3.65602   1.33391  -1.59919  -1.95297  -2.21390 0.21721E+02   0.27077
  0.45504301E+08   6.99414   3.55087   3.65166   1.29189  -1.53682  -1.89377  -2.15682 0.22560E+02   0.28406
  0.45504969E+08   6.99414   3.57897   3.64804   1.24930  -1.49414  -1.85357  -2.11800 0.23507E+02   0.29352
  0.45505527E+08   6.99414   3.60588   3.64519   1.21099  -1.46585  -1.82700  -2.09221 0.24430E+02   0.29996
  0.45506001E+08   6.99414   3.62864   3.64242   1.17713  -1.44700  -1.80937  -2.07504 0.25297E+02   0.30435
  0.45506424E+08   6.99413   3.64944   3.64021   1.14751  -1.43329  -1.79648  -2.06236 0.26094E+02   0.30756
  0.45506822E+08   6.99413   3.66773   3.63807   1.12064  -1.42291  -1.78673  -2.05272 0.26849E+02   0.31002
  0.45507213E+08   6.99413   3.68529   3.63639   1.09639  -1.41435  -1.77855  -2.04450 0.27557E+02   0.31205
  0.45507682E+08   6.99413   3.70338   3.63436   1.07018  -1.40633  -1.77092  -2.03681 0.28352E+02   0.31397
  0.45508245E+08   6.99412   3.72246   3.63256   1.04387  -1.39868  -1.76350  -2.02920 0.29186E+02   0.31579
  0.45508921E+08   6.99412   3.74050   3.63071   1.01844  -1.39192  -1.75692  -2.02241 0.30032E+02   0.31740
  0.45509731E+08   6.99411   3.75681   3.62895   0.99509  -1.38605  -1.75119  -2.01645 0.30853E+02   0.31881
  0.45510704E+08   6.99410   3.77097   3.62739   0.97468  -1.38095  -1.74619  -2.01125 0.31616E+02   0.32004
  0.45511872E+08   6.99409   3.78318   3.62620   0.95773  -1.37636  -1.74166  -2.00650 0.32304E+02   0.32114
  0.45513273E+08   6.99408   3.79344   3.62509   0.94302  -1.37222  -1.73762  -2.00231 0.32957E+02   0.32215
  0.45514954E+08   6.99406   3.80281   3.62407   0.92958  -1.36820  -1.73372  -1.99827 0.33611E+02   0.32313
  0.45516972E+08   6.99404   3.81216   3.62315   0.91654  -1.36405  -1.72966  -1.99407 0.34305E+02   0.32415
  0.45519392E+08   6.99401   3.82192   3.62194   0.90194  -1.35979  -1.72555  -1.98982 0.35124E+02   0.32521
  0.45522298E+08   6.99397   3.83308   3.62087   0.88651  -1.35501  -1.72085  -1.98491 0.36048E+02   0.32637
  0.45525784E+08   6.99393   3.84553   3.61985   0.86995  -1.34987  -1.71572  -1.97949 0.37075E+02   0.32762
  0.45528686E+08   6.99389   3.85497   3.61883   0.85646  -1.34616  -1.71206  -1.97562 0.37885E+02   0.32853
  0.45532169E+08   6.99385   3.86479   3.61778   0.84241  -1.34250  -1.70842  -1.97177 0.38669E+02   0.32942
  0.45536348E+08   6.99379   3.87379   3.61699   0.83027  -1.33927  -1.70516  -1.96827 0.39292E+02   0.33019
  0.45539691E+08   6.99374   3.87911   3.61647   0.82287  -1.33729  -1.70320  -1.96619 0.39651E+02   0.33067
  0.45542752E+08   6.99370   3.88286   3.61615   0.81781  -1.33605  -1.70194  -1.96483 0.39892E+02   0.33097
  0.45546426E+08   6.99364   3.88607   3.61582   0.81328  -1.33509  -1.70096  -1.96376 0.40109E+02   0.33120
  0.45550833E+08   6.99357   3.88873   3.61555   0.80955  -1.33438  -1.70023  -1.96295 0.40304E+02   0.33137
  0.45556123E+08   6.99349   3.89070   3.61507   0.80567  -1.33419  -1.70004  -1.96273 0.40527E+02   0.33142
  0.45562470E+08   6.99340   3.89223   3.61534   0.80520  -1.33416  -1.69984  -1.96237 0.40635E+02   0.33138
  0.45570087E+08   6.99328   3.89256   3.61495   0.80331  -1.33496  -1.70059  -1.96311 0.40848E+02   0.33118
  0.45579227E+08   6.99314   3.89236   3.61534   0.80504  -1.33572  -1.70117  -1.96358 0.40948E+02   0.33096
  0.45590196E+08   6.99297   3.89132   3.61526   0.80577  -1.33714  -1.70250  -1.96491 0.41141E+02   0.33060
  0.45603358E+08   6.99276   3.88997   3.61564   0.80859  -1.33860  -1.70378  -1.96613 0.41293E+02   0.33020
  0.45619152E+08   6.99252   3.88823   3.61554   0.80994  -1.34059  -1.70568  -1.96803 0.41555E+02   0.32970
  0.45638105E+08   6.99223   3.88641   3.61590   0.81316  -1.34258  -1.70747  -1.96976 0.41785E+02   0.32918
  0.45660849E+08   6.99189   3.88436   3.61619   0.81635  -1.34490  -1.70958  -1.97182 0.42059E+02   0.32857
  0.45688141E+08   6.99148   3.88211   3.61652   0.81990  -1.34754  -1.71197  -1.97413 0.42374E+02   0.32788
  0.45720892E+08   6.99099   3.87962   3.61683   0.82361  -1.35059  -1.71477  -1.97686 0.42738E+02   0.32709
  0.45760194E+08   6.99042   3.87690   3.61723   0.82789  -1.35399  -1.71785  -1.97985 0.43133E+02   0.32620
  0.45807355E+08   6.98973   3.87390   3.61753   0.83207  -1.35792  -1.72144  -1.98333 0.43600E+02   0.32517
  0.45863949E+08   6.98892   3.87065   3.61820   0.83795  -1.36221  -1.72528  -1.98700 0.44057E+02   0.32404
  0.45931861E+08   6.98795   3.86705   3.61869   0.84342  -1.36727  -1.72987  -1.99143 0.44608E+02   0.32272
  0.45992369E+08   6.98711   3.86380   3.61903   0.84800  -1.37195  -1.73414  -1.99558 0.45102E+02   0.32151
  0.46040775E+08   6.98644   3.86122   3.61942   0.85208  -1.37567  -1.73751  -1.99883 0.45460E+02   0.32054
  0.46098862E+08   6.98565   3.85851   3.61973   0.85599  -1.37977  -1.74125  -2.00244 0.45862E+02   0.31947
  0.46168567E+08   6.98471   3.85549   3.62040   0.86165  -1.38435  -1.74534  -2.00633 0.46232E+02   0.31827
  0.46252213E+08   6.98359   3.85190   3.62090   0.86717  -1.38996  -1.75044  -2.01123 0.46691E+02   0.31682
  0.46326738E+08   6.98261   3.84825   3.62144   0.87288  -1.39539  -1.75537  -2.01598 0.47064E+02   0.31541
  0.46398268E+08   6.98169   3.84484   3.62190   0.87811  -1.40064  -1.76015  -2.02059 0.47401E+02   0.31406
  0.46465659E+08   6.98083   3.84167   3.62226   0.88264  -1.40567  -1.76476  -2.02504 0.47713E+02   0.31276
  0.46546527E+08   6.97981   3.83840   3.62289   0.88838  -1.41122  -1.76976  -2.02981 0.48004E+02   0.31133
  0.46643569E+08   6.97860   3.83470   3.62321   0.89327  -1.41796  -1.77594  -2.03578 0.48409E+02   0.30960
  0.46726635E+08   6.97758   3.83096   3.62393   0.89984  -1.42445  -1.78182  -2.04141 0.48640E+02   0.30793
  0.46794448E+08   6.97677   3.82766   3.62448   0.90529  -1.43025  -1.78711  -2.04649 0.48823E+02   0.30645
  0.46875824E+08   6.97580   3.82439   3.62511   0.91103  -1.43661  -1.79287  -2.05198 0.49023E+02   0.30481
  0.46973475E+08   6.97465   3.82094   3.62548   0.91589  -1.44416  -1.79977  -2.05860 0.49326E+02   0.30289
  0.47090657E+08   6.97330   3.81712   3.62644   0.92347  -1.45328  -1.80799  -2.06639 0.49555E+02   0.30055
  0.47231274E+08   6.97170   3.81273   3.62728   0.93110  -1.46492  -1.81857  -2.07645 0.49870E+02   0.29759
  0.47344091E+08   6.97044   3.80833   3.62776   0.93732  -1.47682  -1.82946  -2.08687 0.50152E+02   0.29460
  0.47441522E+08   6.96937   3.80468   3.62876   0.94491  -1.48809  -1.83967  -2.09653 0.50266E+02   0.29175
  0.47524129E+08   6.96848   3.80174   3.62944   0.95052  -1.49845  -1.84910  -2.10548 0.50400E+02   0.28916
  0.47604407E+08   6.96763   3.79922   3.62983   0.95457  -1.50872  -1.85849  -2.11441 0.50590E+02   0.28661
  0.47700739E+08   6.96661   3.79694   3.63062   0.95992  -1.52072  -1.86939  -2.12470 0.50757E+02   0.28362
  0.47816338E+08   6.96541   3.79481   3.63125   0.96450  -1.53515  -1.88253  -2.13711 0.51030E+02   0.28006
  0.47955057E+08   6.96398   3.79292   3.63217   0.96998  -1.55352  -1.89926  -2.15287 0.51348E+02   0.27555
  0.48121520E+08   6.96228   3.79147   3.63321   0.97551  -1.57759  -1.92120  -2.17352 0.51784E+02   0.26970
  0.48254690E+08   6.96094   3.79063   3.63427   0.98048  -1.60317  -1.94460  -2.19556 0.52166E+02   0.26359
  0.48361226E+08   6.95987   3.79047   3.63530   0.98470  -1.62859  -1.96790  -2.21750 0.52508E+02   0.25761
  0.48446455E+08   6.95902   3.79087   3.63621   0.98788  -1.65237  -1.98976  -2.23808 0.52813E+02   0.25209
  0.48548729E+08   6.95800   3.79211   3.63737   0.99124  -1.68111  -2.01621  -2.26296 0.53195E+02   0.24555
  0.48671459E+08   6.95678   3.79443   3.63847   0.99323  -1.71571  -2.04815  -2.29301 0.53751E+02   0.23784
  0.48726133E+08   6.95624   3.79622   3.63912   0.99401  -1.73912  -2.06982  -2.31342 0.54077E+02   0.23273
  0.48791741E+08   6.95558   3.79868   3.64013   0.99556  -1.77019  -2.09867  -2.34060 0.54462E+02   0.22611
  0.48831106E+08   6.95519   3.80075   3.64078   0.99604  -1.79392  -2.12075  -2.36143 0.54748E+02   0.22116
  0.48878345E+08   6.95471   3.80362   3.64189   0.99760  -1.82587  -2.15054  -2.38952 0.55062E+02   0.21466
  0.48906687E+08   6.95442   3.80610   3.64289   0.99910  -1.85059  -2.17364  -2.41131 0.55244E+02   0.20975
  0.48940699E+08   6.95408   3.80922   3.64379   0.99954  -1.88480  -2.20573  -2.44165 0.55580E+02   0.20315
  0.48961106E+08   6.95387   3.81203   3.64497   1.00147  -1.91091  -2.23022  -2.46476 0.55709E+02   0.19824
  0.48985594E+08   6.95362   3.81565   3.64598   1.00187  -1.94925  -2.26634  -2.49896 0.56025E+02   0.19127
  0.49014980E+08   6.95331   3.82177   3.64801   1.00382  -2.01180  -2.32548  -2.55499 0.56400E+02   0.18045
  0.49038489E+08   6.95306   3.82870   3.65022   1.00572  -2.08334  -2.39339  -2.61942 0.56787E+02   0.16890
  0.49058008E+08   6.95286   3.83653   3.65295   1.00883  -2.16752  -2.47370  -2.69575 0.57124E+02   0.15644
  0.49075608E+08   6.95267   3.84542   3.65676   1.01515  -2.27245  -2.57450  -2.79181 0.57311E+02   0.14259
  0.49090626E+08   6.95250   3.85377   3.66090   1.02333  -2.38952  -2.68838  -2.90103 0.57364E+02   0.12923
  0.49104150E+08   6.95235   3.86222   3.66688   1.03881  -2.55133  -2.85468  -3.06521 0.56945E+02   0.11541
  0.49110466E+08   6.95228   3.86618   3.67222   1.05620  -2.65125  -2.96568  -3.18012 0.56105E+02   0.10926
  0.49117517E+08   6.95221   3.86974   3.67859   1.07811  -2.77011  -3.10459  -3.32909 0.55020E+02   0.10321
  0.49123827E+08   6.95214   3.87224   3.68585   1.10463  -2.86320  -3.21940  -3.45734 0.53626E+02   0.09936
  0.49129372E+08   6.95208   3.87395   3.69308   1.13186  -2.92896  -3.30456  -3.55632 0.52180E+02   0.09712
  0.49134124E+08   6.95203   3.87512   3.69976   1.15741  -2.97100  -3.36114  -3.62420 0.50829E+02   0.09596
  0.49138309E+08   6.95199   3.87596   3.70565   1.18010  -2.99911  -3.39994  -3.67159 0.49648E+02   0.09535
  0.49142166E+08   6.95195   3.87661   3.71073   1.19981  -3.02051  -3.42997  -3.70864 0.48643E+02   0.09496
  0.49145928E+08   6.95192   3.87714   3.71537   1.21784  -3.03754  -3.45420  -3.73876 0.47741E+02   0.09472
  0.49150442E+08   6.95188   3.87767   3.72039   1.23737  -3.05418  -3.47820  -3.76878 0.46782E+02   0.09453
  0.49155859E+08   6.95183   3.87819   3.72563   1.25780  -3.07017  -3.50156  -3.79816 0.45803E+02   0.09439
  0.49160970E+08   6.95178   3.87860   3.72997   1.27476  -3.08198  -3.51907  -3.82030 0.45007E+02   0.09434
  0.49167103E+08   6.95173   3.87901   3.73438   1.29198  -3.09309  -3.53575  -3.84147 0.44217E+02   0.09433
  0.49174463E+08   6.95166   3.87943   3.73874   1.30900  -3.10283  -3.55061  -3.86041 0.43453E+02   0.09436
  0.49183295E+08   6.95159   3.87986   3.74280   1.32479  -3.11207  -3.56476  -3.87848 0.42765E+02   0.09439
  0.49188594E+08   6.95155   3.88010   3.74493   1.33307  -3.11636  -3.57143  -3.88703 0.42412E+02   0.09442
  0.49194952E+08   6.95149   3.88038   3.74707   1.34135  -3.12079  -3.57831  -3.89583 0.42064E+02   0.09445
  0.49202583E+08   6.95143   3.88070   3.74922   1.34962  -3.12490  -3.58474  -3.90407 0.41725E+02   0.09448
  0.49211739E+08   6.95136   3.88107   3.75130   1.35759  -3.12884  -3.59091  -3.91196 0.41407E+02   0.09451
  0.49217233E+08   6.95131   3.88129   3.75241   1.36178  -3.13098  -3.59424  -3.91623 0.41243E+02   0.09452
  0.49223826E+08   6.95126   3.88155   3.75359   1.36624  -3.13305  -3.59748  -3.92036 0.41072E+02   0.09454
  0.49231737E+08   6.95120   3.88186   3.75478   1.37067  -3.13567  -3.60149  -3.92547 0.40909E+02   0.09454
  0.49241231E+08   6.95112   3.88221   3.75604   1.37539  -3.13784  -3.60487  -3.92977 0.40738E+02   0.09456
  0.49246927E+08   6.95108   3.88243   3.75674   1.37796  -3.13909  -3.60680  -3.93222 0.40648E+02   0.09456
  0.49253762E+08   6.95102   3.88269   3.75752   1.38081  -3.14041  -3.60884  -3.93481 0.40549E+02   0.09457
  0.49261965E+08   6.95096   3.88299   3.75833   1.38373  -3.14228  -3.61166  -3.93837 0.40454E+02   0.09456
  0.49266886E+08   6.95092   3.88317   3.75882   1.38553  -3.14300  -3.61277  -3.93977 0.40394E+02   0.09457
  0.49272792E+08   6.95088   3.88339   3.75937   1.38749  -3.14400  -3.61430  -3.94169 0.40331E+02   0.09456
  0.49279879E+08   6.95082   3.88364   3.76000   1.38975  -3.14505  -3.61589  -3.94370 0.40260E+02   0.09457
  0.49288383E+08   6.95075   3.88393   3.76066   1.39213  -3.14647  -3.61802  -3.94637 0.40188E+02   0.09456
  0.49298588E+08   6.95068   3.88426   3.76136   1.39457  -3.14820  -3.62057  -3.94958 0.40121E+02   0.09454
  0.49304711E+08   6.95063   3.88447   3.76181   1.39618  -3.14863  -3.62126  -3.95043 0.40074E+02   0.09455
  0.49312059E+08   6.95057   3.88471   3.76230   1.39787  -3.14942  -3.62244  -3.95191 0.40028E+02   0.09455
  0.49320876E+08   6.95050   3.88499   3.76281   1.39964  -3.15058  -3.62414  -3.95403 0.39984E+02   0.09453
  0.49326167E+08   6.95046   3.88516   3.76311   1.40068  -3.15120  -3.62505  -3.95516 0.39959E+02   0.09452
  0.49332515E+08   6.95041   3.88536   3.76347   1.40189  -3.15187  -3.62603  -3.95638 0.39930E+02   0.09452
  0.49340133E+08   6.95036   3.88560   3.76388   1.40329  -3.15256  -3.62704  -3.95763 0.39898E+02   0.09451
  0.49349275E+08   6.95029   3.88587   3.76431   1.40475  -3.15345  -3.62834  -3.95923 0.39869E+02   0.09450
  0.49354760E+08   6.95024   3.88603   3.76455   1.40552  -3.15406  -3.62921  -3.96032 0.39856E+02   0.09449
  0.49361342E+08   6.95019   3.88622   3.76483   1.40646  -3.15460  -3.62999  -3.96127 0.39840E+02   0.09448
  0.49369240E+08   6.95013   3.88645   3.76515   1.40753  -3.15510  -3.63070  -3.96213 0.39823E+02   0.09448
  0.49378718E+08   6.95006   3.88670   3.76544   1.40844  -3.15605  -3.63203  -3.96377 0.39818E+02   0.09445
  0.49384405E+08   6.95002   3.88685   3.76563   1.40902  -3.15636  -3.63245  -3.96426 0.39814E+02   0.09444
  0.49391229E+08   6.94996   3.88703   3.76583   1.40962  -3.15676  -3.63300  -3.96492 0.39813E+02   0.09443
  0.49399418E+08   6.94990   3.88725   3.76604   1.41028  -3.15710  -3.63344  -3.96543 0.39814E+02   0.09442
  0.49409245E+08   6.94983   3.88748   3.76621   1.41069  -3.15788  -3.63448  -3.96669 0.39832E+02   0.09439
  0.49415142E+08   6.94978   3.88763   3.76632   1.41099  -3.15806  -3.63468  -3.96691 0.39841E+02   0.09438
  0.49422217E+08   6.94973   3.88780   3.76642   1.41123  -3.15831  -3.63498  -3.96724 0.39856E+02   0.09437
  0.49430707E+08   6.94966   3.88799   3.76653   1.41145  -3.15847  -3.63512  -3.96736 0.39878E+02   0.09436
  0.49440896E+08   6.94958   3.88821   3.76654   1.41130  -3.15904  -3.63581  -3.96816 0.39921E+02   0.09432
  0.49447009E+08   6.94954   3.88834   3.76656   1.41123  -3.15912  -3.63585  -3.96816 0.39946E+02   0.09431
  0.49454345E+08   6.94948   3.88850   3.76656   1.41105  -3.15925  -3.63593  -3.96821 0.39981E+02   0.09429
  0.49463148E+08   6.94941   3.88867   3.76649   1.41062  -3.15953  -3.63618  -3.96846 0.40031E+02   0.09425
  0.49473711E+08   6.94933   3.88887   3.76638   1.40999  -3.15947  -3.63591  -3.96803 0.40097E+02   0.09423
  0.49480049E+08   6.94928   3.88899   3.76630   1.40952  -3.15943  -3.63575  -3.96776 0.40140E+02   0.09421
  0.49487655E+08   6.94923   3.88913   3.76617   1.40885  -3.15938  -3.63552  -3.96740 0.40196E+02   0.09419
  0.49496782E+08   6.94916   3.88929   3.76596   1.40785  -3.15948  -3.63546  -3.96725 0.40273E+02   0.09415
  0.49507734E+08   6.94907   3.88948   3.76572   1.40669  -3.15909  -3.63466  -3.96613 0.40362E+02   0.09412
  0.49520877E+08   6.94897   3.88969   3.76533   1.40491  -3.15890  -3.63408  -3.96526 0.40486E+02   0.09407
  0.49528762E+08   6.94891   3.88984   3.76511   1.40387  -3.15869  -3.63358  -3.96454 0.40559E+02   0.09404
  0.49538225E+08   6.94884   3.89000   3.76482   1.40257  -3.15855  -3.63314  -3.96389 0.40650E+02   0.09400
  0.49543903E+08   6.94879   3.89012   3.76466   1.40182  -3.15843  -3.63284  -3.96344 0.40703E+02   0.09398
  0.49550716E+08   6.94874   3.89024   3.76448   1.40097  -3.15827  -3.63244  -3.96287 0.40764E+02   0.09396
  0.49558891E+08   6.94868   3.89039   3.76427   1.39995  -3.15807  -3.63196  -3.96218 0.40838E+02   0.09393
  0.49568702E+08   6.94860   3.89053   3.76394   1.39850  -3.15785  -3.63140  -3.96138 0.40939E+02   0.09389
  0.49574589E+08   6.94855   3.89063   3.76374   1.39760  -3.15768  -3.63102  -3.96083 0.41000E+02   0.09387
  0.49581653E+08   6.94850   3.89073   3.76349   1.39649  -3.15739  -3.63042  -3.96001 0.41075E+02   0.09385
  0.49590129E+08   6.94843   3.89086   3.76317   1.39508  -3.15702  -3.62967  -3.95896 0.41168E+02   0.09382
  0.49600301E+08   6.94835   3.89097   3.76269   1.39306  -3.15653  -3.62869  -3.95762 0.41296E+02   0.09378
  0.49606405E+08   6.94830   3.89106   3.76240   1.39179  -3.15620  -3.62804  -3.95673 0.41374E+02   0.09375
  0.49613728E+08   6.94825   3.89113   3.76202   1.39018  -3.15570  -3.62710  -3.95547 0.41473E+02   0.09372
  0.49622517E+08   6.94818   3.89124   3.76154   1.38816  -3.15503  -3.62588  -3.95382 0.41595E+02   0.09369
  0.49633063E+08   6.94809   3.89130   3.76083   1.38524  -3.15426  -3.62444  -3.95188 0.41767E+02   0.09364
  0.49639391E+08   6.94804   3.89137   3.76040   1.38348  -3.15362  -3.62330  -3.95037 0.41867E+02   0.09361
  0.49646985E+08   6.94798   3.89142   3.75985   1.38121  -3.15288  -3.62198  -3.94861 0.42000E+02   0.09358
  0.49656097E+08   6.94791   3.89150   3.75918   1.37846  -3.15182  -3.62013  -3.94616 0.42157E+02   0.09354
  0.49667031E+08   6.94782   3.89151   3.75819   1.37449  -3.15071  -3.61813  -3.94349 0.42381E+02   0.09348
  0.49680152E+08   6.94772   3.89157   3.75699   1.36962  -3.14862  -3.61462  -3.93889 0.42651E+02   0.09343
  0.49688025E+08   6.94765   3.89158   3.75621   1.36646  -3.14740  -3.61257  -3.93619 0.42828E+02   0.09340
  0.49697472E+08   6.94758   3.89160   3.75523   1.36251  -3.14576  -3.60982  -3.93259 0.43045E+02   0.09336
  0.49708809E+08   6.94748   3.89154   3.75386   1.35708  -3.14371  -3.60641  -3.92815 0.43344E+02   0.09330
  0.49722413E+08   6.94737   3.89151   3.75213   1.35021  -3.14071  -3.60150  -3.92176 0.43716E+02   0.09324
  0.49730576E+08   6.94731   3.89146   3.75105   1.34592  -3.13866  -3.59820  -3.91749 0.43952E+02   0.09321
  0.49740371E+08   6.94722   3.89142   3.74968   1.34050  -3.13618  -3.59421  -3.91231 0.44248E+02   0.09316
  0.49752125E+08   6.94713   3.89128   3.74787   1.33339  -3.13271  -3.58871  -3.90522 0.44637E+02   0.09312
  0.49766230E+08   6.94701   3.89113   3.74551   1.32409  -3.12834  -3.58178  -3.89629 0.45141E+02   0.09305
  0.49783155E+08   6.94686   3.89070   3.74207   1.31075  -3.12104  -3.57053  -3.88191 0.45866E+02   0.09301
  0.49797643E+08   6.94674   3.89059   3.73930   1.29975  -3.11507  -3.56127  -3.87003 0.46465E+02   0.09297
  0.49811138E+08   6.94662   3.89017   3.73633   1.28827  -3.10790  -3.55048  -3.85632 0.47106E+02   0.09297
  0.49827331E+08   6.94648   3.88992   3.73278   1.27436  -3.09961  -3.53791  -3.84033 0.47878E+02   0.09294
  0.49846762E+08   6.94630   3.88892   3.72717   1.25290  -3.08431  -3.51547  -3.81208 0.49092E+02   0.09304
  0.49862742E+08   6.94615   3.88865   3.72303   1.23660  -3.07227  -3.49777  -3.78976 0.50016E+02   0.09311
  0.49877775E+08   6.94601   3.88752   3.71793   1.21731  -3.05520  -3.47341  -3.75942 0.51152E+02   0.09334
  0.49892436E+08   6.94587   3.88580   3.71101   1.19136  -3.02942  -3.43722  -3.71467 0.52682E+02   0.09378
  0.49905959E+08   6.94570   3.88375   3.70295   1.16115  -2.99449  -3.38896  -3.65557 0.54495E+02   0.09452
  0.49917241E+08   6.94556   3.88164   3.69538   1.13297  -2.95173  -3.33123  -3.58599 0.56221E+02   0.09566
  0.49926676E+08   6.94544   3.87948   3.68874   1.10853  -2.90158  -3.26551  -3.50868 0.57744E+02   0.09726
  0.49934948E+08   6.94533   3.87718   3.68321   1.08871  -2.84031  -3.18813  -3.42043 0.58983E+02   0.09960
  0.49942695E+08   6.94523   3.87453   3.67809   1.07087  -2.76829  -3.10047  -3.32344 0.60096E+02   0.10273
  0.49950302E+08   6.94513   3.87125   3.67349   1.05577  -2.67968  -2.99679  -3.21214 0.61007E+02   0.10722
  0.49959431E+08   6.94501   3.86587   3.66714   1.03572  -2.55533  -2.85813  -3.06821 0.62190E+02   0.11476
  0.49964909E+08   6.94494   3.86193   3.66399   1.02706  -2.47686  -2.77500  -2.98476 0.62639E+02   0.12061
  0.49971482E+08   6.94486   3.85687   3.66062   1.01865  -2.39436  -2.69249  -2.90454 0.62998E+02   0.12838
  0.49979369E+08   6.94477   3.84980   3.65721   1.01208  -2.29498  -2.59579  -2.81181 0.63110E+02   0.13955
  0.49988834E+08   6.94466   3.83921   3.65300   1.00579  -2.16477  -2.47049  -2.69225 0.63012E+02   0.15658
  0.49994513E+08   6.94460   3.83272   3.65042   1.00199  -2.08846  -2.39762  -2.62293 0.62930E+02   0.16784
  0.50001328E+08   6.94453   3.82502   3.64737   0.99748  -1.99599  -2.30980  -2.53958 0.62786E+02   0.18278
  0.50009505E+08   6.94445   3.81805   3.64355   0.98916  -1.89476  -2.21418  -2.44892 0.62830E+02   0.20080
  0.50019318E+08   6.94437   3.81577   3.64032   0.97850  -1.80422  -2.12903  -2.36811 0.63086E+02   0.21841
  0.50031094E+08   6.94426   3.81779   3.63753   0.96533  -1.73969  -2.06863  -2.31075 0.63701E+02   0.23180
  0.50045225E+08   6.94413   3.82090   3.63541   0.95373  -1.69912  -2.03079  -2.27481 0.64405E+02   0.24058
  0.50062183E+08   6.94397   3.82351   3.63411   0.94589  -1.67263  -2.00614  -2.25140 0.64993E+02   0.24646
  0.50078186E+08   6.94382   3.82527   3.63331   0.94096  -1.65550  -1.99025  -2.23631 0.65441E+02   0.25035
  0.50094072E+08   6.94366   3.82672   3.63256   0.93648  -1.64141  -1.97723  -2.22398 0.65891E+02   0.25359
  0.50109580E+08   6.94350   3.82823   3.63198   0.93262  -1.62894  -1.96570  -2.21304 0.66320E+02   0.25647
  0.50124693E+08   6.94334   3.82982   3.63138   0.92862  -1.61742  -1.95505  -2.20293 0.66774E+02   0.25916
  0.50139345E+08   6.94319   3.83153   3.63071   0.92423  -1.60660  -1.94508  -2.19347 0.67276E+02   0.26171
  0.50153484E+08   6.94304   3.83346   3.63023   0.92039  -1.59642  -1.93566  -2.18451 0.67750E+02   0.26412
  0.50167061E+08   6.94289   3.83544   3.62960   0.91587  -1.58679  -1.92679  -2.17608 0.68289E+02   0.26641
  0.50180036E+08   6.94274   3.83764   3.62913   0.91177  -1.57766  -1.91835  -2.16802 0.68812E+02   0.26858
  0.50192373E+08   6.94260   3.83986   3.62844   0.90679  -1.56901  -1.91038  -2.16044 0.69414E+02   0.27066
  0.50204044E+08   6.94246   3.84235   3.62807   0.90280  -1.56076  -1.90273  -2.15311 0.69954E+02   0.27265
  0.50218049E+08   6.94229   3.84555   3.62720   0.89611  -1.55073  -1.89349  -2.14430 0.70788E+02   0.27508
  0.50234856E+08   6.94208   3.85030   3.62651   0.88860  -1.53827  -1.88192  -2.13316 0.71817E+02   0.27810
  0.50255024E+08   6.94182   3.85732   3.62537   0.87702  -1.52246  -1.86724  -2.11901 0.73401E+02   0.28196
  0.50279225E+08   6.94148   3.86909   3.62320   0.85654  -1.50115  -1.84745  -2.09987 0.76193E+02   0.28720
  0.50300447E+08   6.94114   3.88554   3.62083   0.83058  -1.47841  -1.82611  -2.07897 0.80005E+02   0.29280
  0.50310299E+08   6.94095   3.89703   3.61927   0.81285  -1.46536  -1.81378  -2.06676 0.82846E+02   0.29604
  0.50316211E+08   6.94082   3.90658   3.61797   0.79810  -1.45586  -1.80473  -2.05774 0.85339E+02   0.29838
  0.50322122E+08   6.94068   3.92093   3.61602   0.77594  -1.44345  -1.79281  -2.04573 0.89249E+02   0.30142
  0.50325078E+08   6.94060   3.93039   3.61522   0.76325  -1.43613  -1.78562  -2.03834 0.91814E+02   0.30318
  0.50327734E+08   6.94052   3.94096   3.61363   0.74632  -1.42873  -1.77841  -2.03097 0.95210E+02   0.30499
  0.50329859E+08   6.94045   3.95209   3.61268   0.73140  -1.42157  -1.77120  -2.02341 0.98544E+02   0.30669
  0.50331559E+08   6.94039   3.96244   3.61176   0.71736  -1.41552  -1.76505  -2.01690 0.10174E+03   0.30811
  0.50332919E+08   6.94033   3.97135   3.61061   0.70382  -1.41083  -1.76026  -2.01179 0.10465E+03   0.30921
  0.50334007E+08   6.94028   3.97903   3.60988   0.69323  -1.40712  -1.75636  -2.00757 0.10692E+03   0.31006
  0.50334877E+08   6.94024   3.98451   3.60874   0.68319  -1.40484  -1.75404  -2.00509 0.10885E+03   0.31060
  0.50335573E+08   6.94020   3.98965   3.60865   0.67767  -1.40256  -1.75149  -2.00221 0.11002E+03   0.31108
  0.50336150E+08   6.94017   3.99257   3.60794   0.67193  -1.40151  -1.75042  -2.00106 0.11109E+03   0.31133
  0.50336660E+08   6.94014   3.99578   3.60793   0.66867  -1.40023  -1.74894  -1.99936 0.11175E+03   0.31159
  0.50337124E+08   6.94011   3.99757   3.60751   0.66520  -1.39969  -1.74837  -1.99873 0.11235E+03   0.31172
  0.50337559E+08   6.94009   3.99941   3.60739   0.66287  -1.39911  -1.74769  -1.99794 0.11275E+03   0.31183
  0.50337972E+08   6.94006   4.00070   3.60729   0.66120  -1.39877  -1.74727  -1.99743 0.11302E+03   0.31189
  0.50338373E+08   6.94004   4.00158   3.60723   0.66008  -1.39862  -1.74705  -1.99715 0.11318E+03   0.31191
  0.50338767E+08   6.94001   4.00206   3.60720   0.65948  -1.39865  -1.74703  -1.99708 0.11325E+03   0.31189
  0.50339158E+08   6.93999   4.00216   3.60720   0.65937  -1.39885  -1.74720  -1.99723 0.11324E+03   0.31184
  0.50339628E+08   6.93996   4.00174   3.60724   0.65997  -1.39934  -1.74767  -1.99770 0.11312E+03   0.31171
  0.50340192E+08   6.93993   4.00049   3.60736   0.66167  -1.40025  -1.74857  -1.99864 0.11284E+03   0.31149
  0.50340868E+08   6.93988   3.99823   3.60772   0.66539  -1.40161  -1.74993  -2.00005 0.11231E+03   0.31117
  0.50341680E+08   6.93984   3.99423   3.60806   0.67071  -1.40381  -1.75222  -2.00252 0.11161E+03   0.31066
  0.50342654E+08   6.93978   3.98892   3.60880   0.67901  -1.40654  -1.75501  -2.00550 0.11058E+03   0.31002
  0.50343823E+08   6.93972   3.98184   3.60950   0.68889  -1.41012  -1.75876  -2.00955 0.10943E+03   0.30920
  0.50345226E+08   6.93964   3.97389   3.61054   0.70097  -1.41408  -1.76285  -2.01393 0.10809E+03   0.30828
  0.50346910E+08   6.93957   3.96513   3.61133   0.71291  -1.41854  -1.76750  -2.01895 0.10684E+03   0.30726
  0.50348930E+08   6.93948   3.95669   3.61245   0.72582  -1.42282  -1.77189  -2.02364 0.10550E+03   0.30626
  0.50351354E+08   6.93938   3.94838   3.61320   0.73711  -1.42715  -1.77637  -2.02844 0.10439E+03   0.30527
  0.50354263E+08   6.93928   3.94098   3.61401   0.74775  -1.43093  -1.78025  -2.03259 0.10337E+03   0.30439
  0.50357754E+08   6.93916   3.93481   3.61468   0.75658  -1.43374  -1.78318  -2.03575 0.10260E+03   0.30376
  0.50361942E+08   6.93903   3.93106   3.61508   0.76193  -1.43454  -1.78417  -2.03694 0.10224E+03   0.30361
  0.50366969E+08   6.93888   3.93165   3.61475   0.76003  -1.43202  -1.78195  -2.03489 0.10272E+03   0.30428
  0.50373001E+08   6.93869   3.93935   3.61379   0.74847  -1.42482  -1.77507  -2.02798 0.10437E+03   0.30607
  0.50380239E+08   6.93845   3.95596   3.61216   0.72533  -1.41332  -1.76369  -2.01619 0.10752E+03   0.30884
  0.50386783E+08   6.93820   3.97417   3.60985   0.69785  -1.40306  -1.75330  -2.00522 0.11140E+03   0.31128
  0.50393142E+08   6.93790   3.99271   3.60793   0.67163  -1.39385  -1.74372  -1.99488 0.11536E+03   0.31340
  0.50399479E+08   6.93754   4.01045   3.60585   0.64553  -1.38579  -1.73516  -1.98549 0.11957E+03   0.31523
  0.50407084E+08   6.93702   4.03029   3.60367   0.61692  -1.37736  -1.72601  -1.97533 0.12460E+03   0.31711
  0.50416209E+08   6.93626   4.05204   3.60164   0.58700  -1.36840  -1.71607  -1.96412 0.13047E+03   0.31904
  0.50424192E+08   6.93543   4.06960   3.59985   0.56223  -1.36150  -1.70828  -1.95526 0.13581E+03   0.32051
  0.50427963E+08   6.93496   4.07752   3.59878   0.54999  -1.35860  -1.70499  -1.95150 0.13858E+03   0.32113
