#     AGE           MASS      LOGL     LOGTEFF    LOG G     LOGK2     LOGK3     LOGK4      APOT        BETA
  0.33103798E+08   2.99984   2.04712   4.15912   4.45785  -2.11015  -2.80162  -3.29035 0.16713E+01   0.24296
  0.39378659E+08   2.99981   2.05201   4.15828   4.44956  -2.11706  -2.80785  -3.29625 0.16800E+01   0.24198
  0.46908491E+08   2.99977   2.05808   4.15736   4.43983  -2.12540  -2.81535  -3.30337 0.16906E+01   0.24080
  0.55944290E+08   2.99972   2.06561   4.15635   4.42824  -2.13553  -2.82443  -3.31199 0.17036E+01   0.23936
  0.66787249E+08   2.99966   2.07497   4.15516   4.41413  -2.14798  -2.83556  -3.32254 0.17200E+01   0.23760
  0.79798799E+08   2.99959   2.08666   4.15369   4.39655  -2.16346  -2.84934  -3.33560 0.17410E+01   0.23540
  0.95412660E+08   2.99950   2.10134   4.15175   4.37408  -2.18294  -2.86661  -3.35197 0.17683E+01   0.23264
  0.11414929E+09   2.99938   2.11986   4.14905   4.34476  -2.20775  -2.88854  -3.37276 0.18046E+01   0.22912
  0.13663325E+09   2.99923   2.14335   4.14510   4.30544  -2.23975  -2.91670  -3.39949 0.18544E+01   0.22458
  0.15599045E+09   2.99908   2.16469   4.14081   4.26693  -2.26950  -2.94278  -3.42429 0.19038E+01   0.22035
  0.16444592E+09   2.99901   2.17425   4.13862   4.24857  -2.28307  -2.95463  -3.43554 0.19276E+01   0.21842
  0.17315460E+09   2.99894   2.18439   4.13610   4.22835  -2.29771  -2.96743  -3.44775 0.19539E+01   0.21634
  0.18360502E+09   2.99885   2.19699   4.13265   4.20195  -2.31625  -2.98367  -3.46329 0.19887E+01   0.21370
  0.19614552E+09   2.99873   2.21281   4.12779   4.16668  -2.34008  -3.00457  -3.48334 0.20357E+01   0.21030
  0.21119413E+09   2.99857   2.23254   4.12082   4.11901  -2.37077  -3.03157  -3.50940 0.21006E+01   0.20593
  0.21721357E+09   2.99850   2.24051   4.11761   4.09821  -2.38351  -3.04278  -3.52024 0.21293E+01   0.20410
  0.22317561E+09   2.99843   2.24852   4.11412   4.07624  -2.39665  -3.05439  -3.53151 0.21598E+01   0.20223
  0.23033006E+09   2.99834   2.25837   4.10948   4.04780  -2.41317  -3.06904  -3.54579 0.21998E+01   0.19987
  0.23891540E+09   2.99823   2.27053   4.10308   4.01004  -2.43429  -3.08785  -3.56422 0.22537E+01   0.19685
  0.24634098E+09   2.99813   2.28134   4.09665   3.97350  -2.45383  -3.10535  -3.58145 0.23067E+01   0.19406
  0.25283670E+09   2.99803   2.29103   4.09018   3.93791  -2.47211  -3.12184  -3.59775 0.23595E+01   0.19144
  0.25853743E+09   2.99794   2.29969   4.08380   3.90372  -2.48908  -3.13723  -3.61304 0.24114E+01   0.18902
  0.26357960E+09   2.99785   2.30747   4.07762   3.87119  -2.50478  -3.15157  -3.62735 0.24620E+01   0.18678
  0.26810207E+09   2.99777   2.31460   4.07167   3.84024  -2.51943  -3.16504  -3.64083 0.25117E+01   0.18470
  0.27222710E+09   2.99769   2.32134   4.06601   3.81087  -2.53324  -3.17782  -3.65365 0.25609E+01   0.18274
  0.27606295E+09   2.99761   2.32804   4.06083   3.78342  -2.54636  -3.19002  -3.66592 0.26102E+01   0.18089
  0.27973096E+09   2.99754   2.33537   4.05658   3.75907  -2.55889  -3.20173  -3.67768 0.26598E+01   0.17912
  0.28413257E+09   2.99744   2.34795   4.05562   3.74267  -2.57255  -3.21447  -3.69037 0.27182E+01   0.17720
  0.28677354E+09   2.99738   2.36572   4.06738   3.77190  -2.57583  -3.21725  -3.69271 0.27380E+01   0.17673
  0.28782992E+09   2.99736   2.39603   4.09454   3.85026  -2.57287  -3.21401  -3.68853 0.27359E+01   0.17713
  0.28825248E+09   2.99735   2.43245   4.10463   3.85420  -2.59727  -3.23638  -3.71037 0.28771E+01   0.17361
  0.28842150E+09   2.99734   2.42721   4.08759   3.79127  -2.61320  -3.25114  -3.72561 0.30138E+01   0.17115
  0.28855672E+09   2.99734   2.43132   4.07158   3.72310  -2.63634  -3.27335  -3.74834 0.31651E+01   0.16794
  0.28866489E+09   2.99734   2.43793   4.05989   3.66972  -2.65657  -3.29310  -3.76853 0.32933E+01   0.16523
  0.28875143E+09   2.99733   2.44293   4.05133   3.63051  -2.67145  -3.30774  -3.78350 0.33919E+01   0.16328
  0.28882066E+09   2.99733   2.44621   4.04491   3.60151  -2.68216  -3.31835  -3.79434 0.34673E+01   0.16188
  0.28888050E+09   2.99733   2.44848   4.03958   3.57796  -2.69059  -3.32672  -3.80290 0.35297E+01   0.16079
  0.28893768E+09   2.99733   2.45020   4.03466   3.55656  -2.69802  -3.33413  -3.81046 0.35871E+01   0.15983
  0.28900630E+09   2.99732   2.45179   4.02893   3.53205  -2.70629  -3.34239  -3.81889 0.36538E+01   0.15877
  0.28908865E+09   2.99732   2.45315   4.02219   3.50374  -2.71553  -3.35166  -3.82832 0.37325E+01   0.15759
  0.28915915E+09   2.99732   2.45388   4.01643   3.47993  -2.72303  -3.35921  -3.83599 0.37999E+01   0.15663
  0.28922477E+09   2.99732   2.45426   4.01101   3.45789  -2.72977  -3.36602  -3.84288 0.38637E+01   0.15578
  0.28928795E+09   2.99731   2.45436   4.00570   3.43656  -2.73613  -3.37244  -3.84936 0.39264E+01   0.15498
  0.28934954E+09   2.99731   2.45423   4.00041   3.41549  -2.74226  -3.37863  -3.85558 0.39895E+01   0.15422
  0.28940973E+09   2.99731   2.45389   3.99507   3.39450  -2.74821  -3.38465  -3.86159 0.40531E+01   0.15347
  0.28946843E+09   2.99731   2.45334   3.98968   3.37350  -2.75402  -3.39051  -3.86741 0.41180E+01   0.15276
  0.28952547E+09   2.99730   2.45259   3.98424   3.35248  -2.75968  -3.39622  -3.87304 0.41840E+01   0.15206
  0.28958066E+09   2.99730   2.45165   3.97875   3.33144  -2.76520  -3.40177  -3.87846 0.42511E+01   0.15138
  0.28963386E+09   2.99730   2.45052   3.97321   3.31042  -2.77057  -3.40715  -3.88366 0.43193E+01   0.15072
  0.28968495E+09   2.99730   2.44922   3.96763   3.28942  -2.77578  -3.41234  -3.88862 0.43883E+01   0.15008
  0.28973386E+09   2.99729   2.44774   3.96203   3.26848  -2.78082  -3.41733  -3.89332 0.44584E+01   0.14947
  0.28978058E+09   2.99729   2.44609   3.95640   3.24761  -2.78569  -3.42211  -3.89776 0.45291E+01   0.14887
  0.28982512E+09   2.99729   2.44429   3.95076   3.22685  -2.79038  -3.42669  -3.90192 0.46010E+01   0.14830
  0.28986752E+09   2.99729   2.44234   3.94511   3.20620  -2.79489  -3.43103  -3.90580 0.46733E+01   0.14774
  0.28990784E+09   2.99728   2.44024   3.93946   3.18569  -2.79921  -3.43513  -3.90936 0.47460E+01   0.14722
  0.28994618E+09   2.99728   2.43801   3.93381   3.16533  -2.80335  -3.43900  -3.91263 0.48196E+01   0.14671
  0.28998262E+09   2.99728   2.43564   3.92816   3.14511  -2.80730  -3.44263  -3.91559 0.48936E+01   0.14622
  0.29001725E+09   2.99728   2.43315   3.92252   3.12504  -2.81106  -3.44603  -3.91825 0.49681E+01   0.14575
  0.29005017E+09   2.99728   2.43054   3.91689   3.10513  -2.81465  -3.44920  -3.92063 0.50431E+01   0.14530
  0.29008148E+09   2.99727   2.42782   3.91127   3.08538  -2.81808  -3.45215  -3.92273 0.51187E+01   0.14486
  0.29011126E+09   2.99727   2.42498   3.90566   3.06578  -2.82134  -3.45489  -3.92455 0.51947E+01   0.14445
  0.29013962E+09   2.99727   2.42204   3.90007   3.04633  -2.82444  -3.45741  -3.92609 0.52710E+01   0.14405
  0.29016663E+09   2.99727   2.41900   3.89449   3.02704  -2.82737  -3.45972  -3.92737 0.53478E+01   0.14367
  0.29019237E+09   2.99727   2.41586   3.88892   3.00790  -2.83017  -3.46183  -3.92841 0.54250E+01   0.14331
  0.29021692E+09   2.99727   2.41263   3.88336   2.98891  -2.83282  -3.46375  -3.92920 0.55028E+01   0.14296
  0.29024035E+09   2.99727   2.40931   3.87782   2.97006  -2.83532  -3.46547  -3.92975 0.55810E+01   0.14262
  0.29026274E+09   2.99726   2.40591   3.87229   2.95135  -2.83767  -3.46698  -3.93003 0.56599E+01   0.14230
  0.29028414E+09   2.99726   2.40243   3.86678   2.93279  -2.83988  -3.46830  -3.93006 0.57390E+01   0.14199
  0.29030461E+09   2.99726   2.39886   3.86128   2.91437  -2.84194  -3.46941  -3.92985 0.58185E+01   0.14169
  0.29032422E+09   2.99726   2.39522   3.85580   2.89608  -2.84385  -3.47031  -3.92937 0.58985E+01   0.14141
  0.29034301E+09   2.99726   2.39151   3.85033   2.87792  -2.84561  -3.47099  -3.92862 0.59791E+01   0.14114
  0.29036104E+09   2.99726   2.38772   3.84488   2.85989  -2.84721  -3.47146  -3.92760 0.60601E+01   0.14088
  0.29037834E+09   2.99726   2.38387   3.83944   2.84199  -2.84863  -3.47167  -3.92628 0.61415E+01   0.14064
  0.29039496E+09   2.99725   2.37995   3.83402   2.82421  -2.84988  -3.47164  -3.92465 0.62232E+01   0.14041
  0.29041094E+09   2.99725   2.37595   3.82860   2.80656  -2.85096  -3.47137  -3.92272 0.63054E+01   0.14019
  0.29042631E+09   2.99725   2.37190   3.82321   2.78904  -2.85179  -3.47075  -3.92036 0.63881E+01   0.13999
  0.29044113E+09   2.99725   2.36778   3.81783   2.77161  -2.85248  -3.46993  -3.91776 0.64713E+01   0.13981
  0.29045540E+09   2.99725   2.36360   3.81246   2.75432  -2.85291  -3.46874  -3.91469 0.65550E+01   0.13963
  0.29046917E+09   2.99725   2.35937   3.80710   2.73714  -2.85314  -3.46726  -3.91128 0.66390E+01   0.13948
  0.29048245E+09   2.99725   2.35507   3.80175   2.72004  -2.85318  -3.46551  -3.90752 0.67237E+01   0.13933
  0.29049529E+09   2.99725   2.35071   3.79644   2.70314  -2.85279  -3.46315  -3.90301 0.68080E+01   0.13921
  0.29050770E+09   2.99725   2.34629   3.79113   2.68633  -2.85214  -3.46043  -3.89805 0.68928E+01   0.13911
  0.29051971E+09   2.99725   2.34181   3.78585   2.66968  -2.85105  -3.45709  -3.89230 0.69775E+01   0.13904
  0.29053136E+09   2.99724   2.33726   3.78061   2.65326  -2.84933  -3.45284  -3.88542 0.70616E+01   0.13901
  0.29054267E+09   2.99724   2.33264   3.77538   2.63699  -2.84703  -3.44778  -3.87750 0.71453E+01   0.13901
  0.29055368E+09   2.99724   2.32794   3.77021   2.62100  -2.84380  -3.44141  -3.86792 0.72278E+01   0.13907
  0.29056442E+09   2.99724   2.32315   3.76514   2.60548  -2.83901  -3.43283  -3.85552 0.73072E+01   0.13922
  0.29057495E+09   2.99724   2.31825   3.76034   2.59119  -2.83055  -3.41912  -3.83655 0.73764E+01   0.13961
  0.29058760E+09   2.99724   2.31204   3.75505   2.57627  -2.81266  -3.39177  -3.79988 0.74390E+01   0.14057
  0.29060277E+09   2.99724   2.30411   3.74927   2.56107  -2.78103  -3.34483  -3.73815 0.74878E+01   0.14239
  0.29061622E+09   2.99724   2.29666   3.74479   2.55060  -2.74276  -3.28941  -3.66680 0.75026E+01   0.14471
  0.29063237E+09   2.99724   2.28711   3.74039   2.54256  -2.68226  -3.20469  -3.56132 0.74767E+01   0.14858
  0.29065175E+09   2.99724   2.27473   3.73620   2.53817  -2.59349  -3.08593  -3.41994 0.73940E+01   0.15474
  0.29067007E+09   2.99723   2.26220   3.73249   2.53586  -2.50345  -2.97039  -3.28732 0.72953E+01   0.16155
  0.29069205E+09   2.99723   2.24602   3.72895   2.53785  -2.38349  -2.82299  -3.12355 0.71293E+01   0.17166
  0.29071843E+09   2.99723   2.22522   3.72458   2.54119  -2.23788  -2.65212  -2.93950 0.69134E+01   0.18574
  0.29074136E+09   2.99723   2.20748   3.72162   2.54709  -2.10973  -2.50756  -2.78745 0.66994E+01   0.20003
  0.29076300E+09   2.99723   2.19167   3.71876   2.55148  -1.99428  -2.38095  -2.65632 0.65054E+01   0.21459
  0.29078898E+09   2.99723   2.17533   3.71547   2.55464  -1.86274  -2.24032  -2.51257 0.62876E+01   0.23331
  0.29082015E+09   2.99722   2.16343   3.71161   2.55109  -1.72167  -2.09335  -2.36426 0.60840E+01   0.25607
  0.29085755E+09   2.99722   2.16480   3.70687   2.53078  -1.58552  -1.95537  -2.22699 0.59709E+01   0.28080
  0.29090244E+09   2.99722   2.18847   3.70165   2.48624  -1.47220  -1.84404  -2.11803 0.60263E+01   0.30359
  0.29092937E+09   2.99722   2.21109   3.69882   2.45229  -1.42603  -1.79993  -2.07554 0.61426E+01   0.31349
  0.29095512E+09   2.99721   2.23359   3.69639   2.42006  -1.39358  -1.76957  -2.04662 0.62798E+01   0.32070
  0.29097845E+09   2.99721   2.25323   3.69440   2.39247  -1.37162  -1.74939  -2.02761 0.64153E+01   0.32572
  0.29100086E+09   2.99721   2.27044   3.69266   2.36827  -1.35553  -1.73484  -2.01403 0.65469E+01   0.32948
  0.29102774E+09   2.99721   2.28901   3.69112   2.34356  -1.34066  -1.72155  -2.00170 0.66939E+01   0.33301
  0.29106000E+09   2.99721   2.30774   3.68947   2.31823  -1.32729  -1.70978  -1.99090 0.68604E+01   0.33624
  0.29109872E+09   2.99720   2.32707   3.68782   2.29232  -1.31512  -1.69924  -1.98131 0.70492E+01   0.33924
  0.29114518E+09   2.99720   2.34747   3.68610   2.26500  -1.30399  -1.68976  -1.97279 0.72704E+01   0.34204
  0.29118852E+09   2.99719   2.36505   3.68451   2.24106  -1.29577  -1.68292  -1.96674 0.74825E+01   0.34414
  0.29123173E+09   2.99718   2.38209   3.68317   2.21866  -1.28896  -1.67733  -1.96186 0.76975E+01   0.34590
  0.29127442E+09   2.99718   2.39848   3.68191   2.19724  -1.28331  -1.67278  -1.95796 0.79175E+01   0.34739
  0.29131592E+09   2.99717   2.41423   3.68075   2.17684  -1.27861  -1.66907  -1.95483 0.81402E+01   0.34865
  0.29135580E+09   2.99717   2.42929   3.67967   2.15746  -1.27473  -1.66609  -1.95238 0.83638E+01   0.34970
  0.29139402E+09   2.99716   2.44353   3.67851   2.13860  -1.27156  -1.66374  -1.95053 0.85911E+01   0.35058
  0.29143071E+09   2.99715   2.45726   3.67740   2.12043  -1.26890  -1.66185  -1.94910 0.88196E+01   0.35133
  0.29146591E+09   2.99715   2.47062   3.67648   2.10339  -1.26662  -1.66024  -1.94791 0.90450E+01   0.35198
  0.29149976E+09   2.99714   2.48338   3.67558   2.08703  -1.26470  -1.65895  -1.94701 0.92703E+01   0.35255
  0.29153235E+09   2.99713   2.49568   3.67472   2.07129  -1.26305  -1.65789  -1.94631 0.94953E+01   0.35303
  0.29156379E+09   2.99713   2.50747   3.67382   2.05589  -1.26169  -1.65707  -1.94585 0.97226E+01   0.35345
  0.29159418E+09   2.99712   2.51896   3.67298   2.04104  -1.26051  -1.65640  -1.94551 0.99498E+01   0.35382
  0.29162360E+09   2.99711   2.53008   3.67216   2.02663  -1.25950  -1.65588  -1.94531 0.10178E+02   0.35415
  0.29165207E+09   2.99710   2.54087   3.67139   2.01275  -1.25862  -1.65546  -1.94518 0.10405E+02   0.35444
  0.29167961E+09   2.99710   2.55128   3.67061   1.99922  -1.25789  -1.65516  -1.94517 0.10632E+02   0.35470
  0.29170634E+09   2.99709   2.56148   3.66993   1.98633  -1.25720  -1.65488  -1.94515 0.10857E+02   0.35493
  0.29173230E+09   2.99708   2.57123   3.66916   1.97350  -1.25663  -1.65471  -1.94525 0.11085E+02   0.35514
  0.29175750E+09   2.99707   2.58080   3.66847   1.96115  -1.25609  -1.65455  -1.94534 0.11311E+02   0.35534
  0.29178201E+09   2.99707   2.59017   3.66789   1.94944  -1.25551  -1.65434  -1.94537 0.11533E+02   0.35555
  0.29180587E+09   2.99706   2.59904   3.66714   1.93760  -1.25502  -1.65423  -1.94551 0.11760E+02   0.35573
  0.29182907E+09   2.99705   2.60793   3.66659   1.92648  -1.25445  -1.65402  -1.94553 0.11982E+02   0.35593
  0.29185167E+09   2.99704   2.61632   3.66591   1.91539  -1.25384  -1.65380  -1.94557 0.12206E+02   0.35615
  0.29187372E+09   2.99704   2.62470   3.66545   1.90517  -1.25299  -1.65334  -1.94533 0.12421E+02   0.35641
  0.29189521E+09   2.99703   2.63261   3.66476   1.89450  -1.25242  -1.65315  -1.94540 0.12646E+02   0.35662
  0.29191617E+09   2.99702   2.64047   3.66421   1.88443  -1.25168  -1.65279  -1.94528 0.12865E+02   0.35686
  0.29193665E+09   2.99701   2.64818   3.66371   1.87473  -1.25098  -1.65246  -1.94517 0.13082E+02   0.35709
  0.29195666E+09   2.99701   2.65549   3.66320   1.86535  -1.25005  -1.65194  -1.94489 0.13296E+02   0.35737
  0.29197619E+09   2.99700   2.66280   3.66277   1.85633  -1.24923  -1.65148  -1.94465 0.13507E+02   0.35763
  0.29199528E+09   2.99699   2.66991   3.66229   1.84730  -1.24863  -1.65122  -1.94460 0.13721E+02   0.35783
  0.29201395E+09   2.99698   2.67683   3.66185   1.83862  -1.24798  -1.65090  -1.94449 0.13932E+02   0.35804
  0.29203226E+09   2.99697   2.68341   3.66135   1.83003  -1.24718  -1.65049  -1.94430 0.14143E+02   0.35829
  0.29205021E+09   2.99697   2.69012   3.66098   1.82184  -1.24657  -1.65018  -1.94418 0.14350E+02   0.35849
  0.29206778E+09   2.99696   2.69642   3.66054   1.81378  -1.24592  -1.64987  -1.94407 0.14556E+02   0.35870
  0.29208500E+09   2.99695   2.70260   3.66011   1.80590  -1.24536  -1.64962  -1.94400 0.14758E+02   0.35889
  0.29210190E+09   2.99694   2.70836   3.65970   1.79849  -1.24453  -1.64914  -1.94373 0.14952E+02   0.35914
  0.29211850E+09   2.99693   2.71414   3.65936   1.79136  -1.24407  -1.64895  -1.94370 0.15138E+02   0.35929
  0.29213480E+09   2.99692   2.71926   3.65900   1.78477  -1.24356  -1.64871  -1.94362 0.15307E+02   0.35946
  0.29215084E+09   2.99692   2.72372   3.65860   1.77874  -1.24315  -1.64856  -1.94363 0.15454E+02   0.35960
  0.29216671E+09   2.99691   2.72759   3.65841   1.77410  -1.24295  -1.64851  -1.94367 0.15559E+02   0.35968
  0.29218247E+09   2.99690   2.73020   3.65832   1.77113  -1.24284  -1.64848  -1.94370 0.15610E+02   0.35972
  0.29220138E+09   2.99689   2.73135   3.65826   1.76973  -1.24290  -1.64858  -1.94381 0.15603E+02   0.35971
  0.29222407E+09   2.99688   2.73053   3.65834   1.77089  -1.24303  -1.64866  -1.94387 0.15521E+02   0.35967
  0.29224332E+09   2.99687   2.72880   3.65845   1.77302  -1.24324  -1.64879  -1.94395 0.15428E+02   0.35960
  0.29226135E+09   2.99686   2.72675   3.65864   1.77583  -1.24338  -1.64883  -1.94394 0.15330E+02   0.35955
  0.29227909E+09   2.99685   2.72449   3.65877   1.77864  -1.24355  -1.64891  -1.94396 0.15240E+02   0.35949
  0.29230038E+09   2.99684   2.72182   3.65892   1.78189  -1.24374  -1.64900  -1.94399 0.15142E+02   0.35943
  0.29232593E+09   2.99682   2.71887   3.65914   1.78572  -1.24394  -1.64906  -1.94398 0.15039E+02   0.35936
  0.29234797E+09   2.99681   2.71646   3.65933   1.78888  -1.24410  -1.64912  -1.94397 0.14962E+02   0.35930
  0.29236869E+09   2.99680   2.71432   3.65951   1.79174  -1.24425  -1.64917  -1.94396 0.14898E+02   0.35925
  0.29238894E+09   2.99679   2.71230   3.65965   1.79435  -1.24441  -1.64924  -1.94398 0.14844E+02   0.35919
  0.29240901E+09   2.99678   2.71040   3.65980   1.79683  -1.24456  -1.64930  -1.94399 0.14796E+02   0.35914
  0.29242903E+09   2.99677   2.70857   3.65994   1.79920  -1.24471  -1.64937  -1.94401 0.14754E+02   0.35909
  0.29245305E+09   2.99676   2.70646   3.66009   1.80194  -1.24490  -1.64946  -1.94404 0.14710E+02   0.35903
  0.29248188E+09   2.99675   2.70408   3.66033   1.80524  -1.24509  -1.64954  -1.94404 0.14662E+02   0.35896
  0.29250616E+09   2.99673   2.70211   3.66047   1.80780  -1.24527  -1.64962  -1.94407 0.14628E+02   0.35890
  0.29252854E+09   2.99672   2.70037   3.66060   1.81004  -1.24544  -1.64971  -1.94411 0.14603E+02   0.35884
  0.29255009E+09   2.99671   2.69878   3.66072   1.81212  -1.24560  -1.64979  -1.94415 0.14581E+02   0.35879
  0.29257132E+09   2.99670   2.69730   3.66083   1.81406  -1.24576  -1.64988  -1.94419 0.14564E+02   0.35874
  0.29259242E+09   2.99669   2.69591   3.66095   1.81590  -1.24592  -1.64996  -1.94423 0.14548E+02   0.35869
  0.29261349E+09   2.99668   2.69459   3.66105   1.81762  -1.24607  -1.65005  -1.94429 0.14536E+02   0.35864
  0.29263878E+09   2.99667   2.69314   3.66118   1.81959  -1.24625  -1.65015  -1.94433 0.14523E+02   0.35858
  0.29266912E+09   2.99666   2.69154   3.66132   1.82174  -1.24646  -1.65027  -1.94441 0.14513E+02   0.35852
  0.29269464E+09   2.99665   2.69026   3.66139   1.82332  -1.24665  -1.65040  -1.94450 0.14509E+02   0.35846
  0.29271812E+09   2.99663   2.68919   3.66148   1.82472  -1.24683  -1.65051  -1.94457 0.14507E+02   0.35841
  0.29274069E+09   2.99662   2.68823   3.66155   1.82597  -1.24699  -1.65062  -1.94465 0.14506E+02   0.35836
  0.29276286E+09   2.99661   2.68736   3.66163   1.82715  -1.24715  -1.65072  -1.94472 0.14507E+02   0.35831
  0.29278487E+09   2.99660   2.68655   3.66169   1.82821  -1.24731  -1.65083  -1.94480 0.14509E+02   0.35826
  0.29280683E+09   2.99659   2.68580   3.66175   1.82920  -1.24746  -1.65094  -1.94488 0.14512E+02   0.35822
  0.29282877E+09   2.99658   2.68509   3.66181   1.83013  -1.24762  -1.65105  -1.94497 0.14515E+02   0.35817
  0.29285511E+09   2.99657   2.68429   3.66188   1.83123  -1.24779  -1.65117  -1.94506 0.14519E+02   0.35812
  0.29288671E+09   2.99656   2.68338   3.66195   1.83243  -1.24801  -1.65132  -1.94518 0.14525E+02   0.35806
  0.29291320E+09   2.99655   2.68265   3.66201   1.83340  -1.24820  -1.65146  -1.94528 0.14531E+02   0.35800
  0.29293751E+09   2.99654   2.68198   3.66206   1.83425  -1.24837  -1.65158  -1.94539 0.14536E+02   0.35796
  0.29296084E+09   2.99653   2.68137   3.66211   1.83506  -1.24853  -1.65170  -1.94548 0.14541E+02   0.35791
  0.29298371E+09   2.99652   2.68078   3.66216   1.83584  -1.24869  -1.65182  -1.94557 0.14546E+02   0.35786
  0.29300639E+09   2.99651   2.68020   3.66220   1.83659  -1.24885  -1.65193  -1.94567 0.14551E+02   0.35782
  0.29302900E+09   2.99650   2.67964   3.66225   1.83734  -1.24900  -1.65204  -1.94576 0.14555E+02   0.35778
  0.29305159E+09   2.99649   2.67909   3.66229   1.83807  -1.24916  -1.65215  -1.94585 0.14560E+02   0.35773
  0.29307869E+09   2.99647   2.67843   3.66236   1.83899  -1.24933  -1.65228  -1.94594 0.14564E+02   0.35768
  0.29311122E+09   2.99646   2.67763   3.66244   1.84011  -1.24954  -1.65243  -1.94606 0.14568E+02   0.35762
  0.29313843E+09   2.99645   2.67694   3.66249   1.84099  -1.24973  -1.65257  -1.94617 0.14572E+02   0.35757
  0.29316337E+09   2.99644   2.67630   3.66253   1.84181  -1.24990  -1.65269  -1.94627 0.14576E+02   0.35752
  0.29318728E+09   2.99643   2.67569   3.66258   1.84261  -1.25006  -1.65281  -1.94637 0.14579E+02   0.35747
  0.29321071E+09   2.99642   2.67509   3.66263   1.84340  -1.25021  -1.65292  -1.94646 0.14582E+02   0.35743
  0.29323393E+09   2.99641   2.67450   3.66268   1.84418  -1.25037  -1.65303  -1.94654 0.14585E+02   0.35739
  0.29325706E+09   2.99640   2.67391   3.66272   1.84496  -1.25052  -1.65314  -1.94663 0.14588E+02   0.35734
  0.29328017E+09   2.99639   2.67333   3.66279   1.84579  -1.25066  -1.65324  -1.94671 0.14590E+02   0.35730
  0.29330790E+09   2.99637   2.67261   3.66284   1.84672  -1.25084  -1.65337  -1.94681 0.14593E+02   0.35725
  0.29334117E+09   2.99636   2.67178   3.66293   1.84790  -1.25105  -1.65351  -1.94692 0.14594E+02   0.35719
  0.29336899E+09   2.99635   2.67104   3.66297   1.84879  -1.25123  -1.65365  -1.94703 0.14598E+02   0.35714
  0.29339447E+09   2.99634   2.67039   3.66302   1.84965  -1.25140  -1.65377  -1.94713 0.14600E+02   0.35709
  0.29341889E+09   2.99633   2.66976   3.66307   1.85047  -1.25155  -1.65389  -1.94722 0.14603E+02   0.35704
  0.29344281E+09   2.99632   2.66914   3.66311   1.85128  -1.25171  -1.65400  -1.94731 0.14605E+02   0.35700
  0.29346652E+09   2.99631   2.66854   3.66316   1.85207  -1.25186  -1.65411  -1.94739 0.14608E+02   0.35696
  0.29349014E+09   2.99630   2.66795   3.66321   1.85285  -1.25201  -1.65421  -1.94748 0.14610E+02   0.35692
  0.29351374E+09   2.99629   2.66738   3.66328   1.85369  -1.25215  -1.65431  -1.94755 0.14611E+02   0.35687
  0.29354207E+09   2.99627   2.66667   3.66334   1.85464  -1.25232  -1.65443  -1.94765 0.14613E+02   0.35682
  0.29357606E+09   2.99626   2.66586   3.66342   1.85578  -1.25252  -1.65457  -1.94775 0.14615E+02   0.35677
  0.29360449E+09   2.99625   2.66515   3.66346   1.85663  -1.25270  -1.65471  -1.94787 0.14619E+02   0.35671
  0.29363055E+09   2.99624   2.66452   3.66351   1.85746  -1.25287  -1.65483  -1.94796 0.14621E+02   0.35667
  0.29365552E+09   2.99623   2.66391   3.66355   1.85825  -1.25302  -1.65494  -1.94805 0.14624E+02   0.35662
  0.29368001E+09   2.99622   2.66332   3.66360   1.85903  -1.25317  -1.65505  -1.94814 0.14627E+02   0.35658
  0.29370427E+09   2.99621   2.66274   3.66365   1.85979  -1.25332  -1.65516  -1.94822 0.14629E+02   0.35654
  0.29372845E+09   2.99620   2.66218   3.66370   1.86057  -1.25346  -1.65526  -1.94830 0.14631E+02   0.35650
  0.29375262E+09   2.99619   2.66169   3.66385   1.86164  -1.25355  -1.65530  -1.94830 0.14628E+02   0.35647
  0.29378162E+09   2.99617   2.66091   3.66381   1.86227  -1.25377  -1.65548  -1.94847 0.14634E+02   0.35641
  0.29381642E+09   2.99616   2.66016   3.66388   1.86330  -1.25397  -1.65563  -1.94859 0.14638E+02   0.35635
  0.29384553E+09   2.99615   2.65949   3.66392   1.86411  -1.25415  -1.65576  -1.94870 0.14641E+02   0.35630
  0.29387221E+09   2.99614   2.65889   3.66396   1.86489  -1.25431  -1.65588  -1.94879 0.14644E+02   0.35626
  0.29389780E+09   2.99613   2.65831   3.66401   1.86565  -1.25446  -1.65599  -1.94888 0.14646E+02   0.35621
  0.29392289E+09   2.99612   2.65775   3.66405   1.86639  -1.25461  -1.65610  -1.94897 0.14649E+02   0.35617
  0.29394776E+09   2.99611   2.65721   3.66412   1.86721  -1.25474  -1.65619  -1.94903 0.14650E+02   0.35613
  0.29397255E+09   2.99610   2.65671   3.66424   1.86818  -1.25485  -1.65624  -1.94905 0.14649E+02   0.35610
  0.29399732E+09   2.99609   2.65606   3.66420   1.86867  -1.25503  -1.65640  -1.94921 0.14655E+02   0.35605
  0.29402704E+09   2.99607   2.65546   3.66425   1.86948  -1.25520  -1.65653  -1.94931 0.14658E+02   0.35600
  0.29406271E+09   2.99606   2.65470   3.66431   1.87047  -1.25540  -1.65667  -1.94943 0.14661E+02   0.35594
  0.29409256E+09   2.99605   2.65407   3.66437   1.87132  -1.25557  -1.65679  -1.94952 0.14664E+02   0.35590
  0.29411993E+09   2.99604   2.65347   3.66441   1.87208  -1.25573  -1.65691  -1.94962 0.14667E+02   0.35585
  0.29414615E+09   2.99603   2.65291   3.66445   1.87282  -1.25588  -1.65702  -1.94971 0.14670E+02   0.35581
  0.29417187E+09   2.99602   2.65236   3.66450   1.87357  -1.25602  -1.65713  -1.94979 0.14672E+02   0.35577
  0.29419736E+09   2.99601   2.65181   3.66455   1.87430  -1.25616  -1.65723  -1.94987 0.14674E+02   0.35573
  0.29422276E+09   2.99600   2.65126   3.66459   1.87501  -1.25630  -1.65733  -1.94995 0.14676E+02   0.35569
  0.29424815E+09   2.99599   2.65072   3.66463   1.87572  -1.25645  -1.65744  -1.95004 0.14678E+02   0.35565
  0.29427861E+09   2.99597   2.65009   3.66470   1.87661  -1.25661  -1.65755  -1.95012 0.14680E+02   0.35560
  0.29431516E+09   2.99596   2.64933   3.66477   1.87766  -1.25680  -1.65769  -1.95023 0.14681E+02   0.35554
  0.29434572E+09   2.99595   2.64867   3.66481   1.87846  -1.25697  -1.65782  -1.95034 0.14685E+02   0.35550
  0.29437372E+09   2.99594   2.64808   3.66485   1.87924  -1.25713  -1.65793  -1.95043 0.14687E+02   0.35545
  0.29440055E+09   2.99593   2.64750   3.66490   1.87999  -1.25728  -1.65804  -1.95052 0.14689E+02   0.35541
  0.29442685E+09   2.99592   2.64693   3.66494   1.88073  -1.25742  -1.65814  -1.95060 0.14691E+02   0.35537
  0.29445291E+09   2.99591   2.64638   3.66500   1.88152  -1.25756  -1.65824  -1.95067 0.14692E+02   0.35533
  0.29447888E+09   2.99590   2.64581   3.66504   1.88225  -1.25770  -1.65835  -1.95076 0.14693E+02   0.35529
  0.29450482E+09   2.99589   2.64525   3.66509   1.88299  -1.25784  -1.65845  -1.95084 0.14695E+02   0.35525
  0.29453595E+09   2.99587   2.64459   3.66515   1.88391  -1.25800  -1.65856  -1.95092 0.14695E+02   0.35520
  0.29457330E+09   2.99586   2.64381   3.66523   1.88499  -1.25819  -1.65869  -1.95103 0.14697E+02   0.35515
  0.29460454E+09   2.99585   2.64313   3.66526   1.88581  -1.25836  -1.65883  -1.95114 0.14699E+02   0.35510
  0.29463315E+09   2.99584   2.64252   3.66531   1.88661  -1.25852  -1.65894  -1.95122 0.14701E+02   0.35505
  0.29466057E+09   2.99583   2.64193   3.66535   1.88737  -1.25866  -1.65904  -1.95131 0.14702E+02   0.35501
  0.29468745E+09   2.99582   2.64135   3.66540   1.88813  -1.25880  -1.65914  -1.95139 0.14703E+02   0.35497
  0.29471408E+09   2.99581   2.64079   3.66544   1.88887  -1.25894  -1.65925  -1.95147 0.14704E+02   0.35493
  0.29474062E+09   2.99580   2.64022   3.66549   1.88961  -1.25908  -1.65935  -1.95155 0.14705E+02   0.35489
  0.29476715E+09   2.99579   2.63966   3.66553   1.89035  -1.25922  -1.65945  -1.95163 0.14706E+02   0.35485
  0.29479897E+09   2.99577   2.63900   3.66560   1.89127  -1.25938  -1.65956  -1.95171 0.14707E+02   0.35481
  0.29483717E+09   2.99576   2.63822   3.66567   1.89234  -1.25956  -1.65969  -1.95181 0.14707E+02   0.35475
  0.29486912E+09   2.99575   2.63756   3.66573   1.89322  -1.25973  -1.65981  -1.95191 0.14709E+02   0.35471
  0.29489840E+09   2.99574   2.63693   3.66575   1.89396  -1.25989  -1.65993  -1.95201 0.14711E+02   0.35466
  0.29492648E+09   2.99573   2.63635   3.66580   1.89473  -1.26003  -1.66003  -1.95209 0.14712E+02   0.35462
  0.29495400E+09   2.99572   2.63578   3.66584   1.89547  -1.26017  -1.66014  -1.95217 0.14712E+02   0.35458
  0.29498128E+09   2.99570   2.63522   3.66589   1.89621  -1.26031  -1.66024  -1.95225 0.14713E+02   0.35454
  0.29500847E+09   2.99569   2.63468   3.66595   1.89700  -1.26044  -1.66032  -1.95232 0.14713E+02   0.35450
  0.29503564E+09   2.99568   2.63419   3.66608   1.89801  -1.26053  -1.66037  -1.95233 0.14710E+02   0.35447
  0.29506825E+09   2.99567   2.63344   3.66607   1.89871  -1.26072  -1.66053  -1.95247 0.14713E+02   0.35442
  0.29510739E+09   2.99566   2.63268   3.66613   1.89968  -1.26092  -1.66067  -1.95259 0.14715E+02   0.35436
  0.29514013E+09   2.99565   2.63203   3.66616   1.90050  -1.26109  -1.66080  -1.95269 0.14716E+02   0.35432
  0.29517015E+09   2.99563   2.63143   3.66621   1.90127  -1.26124  -1.66091  -1.95278 0.14717E+02   0.35428
  0.29519892E+09   2.99562   2.63084   3.66625   1.90203  -1.26138  -1.66101  -1.95286 0.14718E+02   0.35423
  0.29522714E+09   2.99561   2.63027   3.66630   1.90278  -1.26152  -1.66111  -1.95294 0.14719E+02   0.35420
  0.29525512E+09   2.99560   2.62971   3.66634   1.90352  -1.26165  -1.66121  -1.95302 0.14719E+02   0.35416
  0.29528300E+09   2.99559   2.62914   3.66639   1.90426  -1.26179  -1.66131  -1.95310 0.14720E+02   0.35412
  0.29531645E+09   2.99558   2.62848   3.66645   1.90518  -1.26195  -1.66142  -1.95318 0.14719E+02   0.35407
  0.29535660E+09   2.99557   2.62770   3.66653   1.90627  -1.26213  -1.66155  -1.95328 0.14719E+02   0.35402
  0.29539014E+09   2.99555   2.62703   3.66658   1.90715  -1.26229  -1.66166  -1.95337 0.14720E+02   0.35397
  0.29542087E+09   2.99554   2.62640   3.66661   1.90788  -1.26245  -1.66179  -1.95347 0.14720E+02   0.35393
  0.29545032E+09   2.99553   2.62582   3.66666   1.90865  -1.26259  -1.66189  -1.95355 0.14720E+02   0.35389
  0.29547919E+09   2.99552   2.62524   3.66670   1.90940  -1.26273  -1.66199  -1.95363 0.14721E+02   0.35385
  0.29550780E+09   2.99551   2.62467   3.66674   1.91015  -1.26286  -1.66209  -1.95371 0.14721E+02   0.35381
  0.29553631E+09   2.99550   2.62410   3.66679   1.91089  -1.26300  -1.66219  -1.95379 0.14722E+02   0.35377
  0.29556480E+09   2.99549   2.62354   3.66684   1.91164  -1.26313  -1.66228  -1.95386 0.14721E+02   0.35373
  0.29559899E+09   2.99548   2.62288   3.66690   1.91257  -1.26329  -1.66239  -1.95394 0.14720E+02   0.35369
  0.29564003E+09   2.99547   2.62209   3.66698   1.91365  -1.26347  -1.66252  -1.95404 0.14719E+02   0.35363
  0.29567435E+09   2.99545   2.62143   3.66704   1.91458  -1.26363  -1.66263  -1.95413 0.14718E+02   0.35359
  0.29570581E+09   2.99544   2.62079   3.66707   1.91534  -1.26378  -1.66275  -1.95423 0.14719E+02   0.35355
  0.29573597E+09   2.99543   2.62020   3.66712   1.91613  -1.26392  -1.66285  -1.95430 0.14718E+02   0.35351
  0.29576553E+09   2.99542   2.61961   3.66717   1.91691  -1.26405  -1.66294  -1.95438 0.14718E+02   0.35347
  0.29579484E+09   2.99541   2.61902   3.66721   1.91766  -1.26419  -1.66305  -1.95446 0.14718E+02   0.35343
  0.29582404E+09   2.99540   2.61845   3.66726   1.91842  -1.26433  -1.66314  -1.95454 0.14717E+02   0.35339
  0.29585322E+09   2.99539   2.61787   3.66731   1.91917  -1.26446  -1.66324  -1.95461 0.14716E+02   0.35335
  0.29588824E+09   2.99538   2.61720   3.66737   1.92011  -1.26462  -1.66335  -1.95469 0.14715E+02   0.35331
  0.29593026E+09   2.99536   2.61639   3.66745   1.92122  -1.26480  -1.66348  -1.95479 0.14713E+02   0.35325
  0.29596542E+09   2.99535   2.61569   3.66748   1.92206  -1.26497  -1.66360  -1.95489 0.14713E+02   0.35321
  0.29599762E+09   2.99534   2.61506   3.66753   1.92288  -1.26511  -1.66371  -1.95498 0.14712E+02   0.35316
  0.29602849E+09   2.99533   2.61444   3.66758   1.92368  -1.26526  -1.66381  -1.95506 0.14712E+02   0.35312
  0.29605875E+09   2.99532   2.61384   3.66762   1.92447  -1.26539  -1.66391  -1.95514 0.14711E+02   0.35308
  0.29608875E+09   2.99531   2.61323   3.66767   1.92526  -1.26553  -1.66401  -1.95522 0.14710E+02   0.35304
  0.29611864E+09   2.99530   2.61263   3.66772   1.92605  -1.26567  -1.66411  -1.95529 0.14708E+02   0.35300
  0.29614852E+09   2.99529   2.61204   3.66777   1.92686  -1.26580  -1.66420  -1.95536 0.14707E+02   0.35297
  0.29618437E+09   2.99528   2.61134   3.66784   1.92783  -1.26595  -1.66431  -1.95544 0.14705E+02   0.35292
  0.29622740E+09   2.99526   2.61051   3.66792   1.92897  -1.26614  -1.66444  -1.95554 0.14702E+02   0.35287
  0.29626338E+09   2.99525   2.60979   3.66795   1.92983  -1.26631  -1.66457  -1.95564 0.14702E+02   0.35282
  0.29629635E+09   2.99524   2.60915   3.66801   1.93069  -1.26645  -1.66467  -1.95573 0.14700E+02   0.35278
  0.29632796E+09   2.99523   2.60851   3.66805   1.93150  -1.26660  -1.66477  -1.95581 0.14699E+02   0.35274
  0.29635894E+09   2.99522   2.60789   3.66810   1.93231  -1.26673  -1.66487  -1.95589 0.14697E+02   0.35270
  0.29638965E+09   2.99521   2.60728   3.66816   1.93315  -1.26687  -1.66497  -1.95596 0.14695E+02   0.35266
  0.29642025E+09   2.99520   2.60665   3.66820   1.93393  -1.26701  -1.66507  -1.95604 0.14694E+02   0.35262
  0.29645084E+09   2.99519   2.60604   3.66825   1.93477  -1.26714  -1.66517  -1.95611 0.14691E+02   0.35258
  0.29648755E+09   2.99517   2.60531   3.66832   1.93578  -1.26730  -1.66528  -1.95619 0.14688E+02   0.35253
  0.29653159E+09   2.99516   2.60444   3.66840   1.93697  -1.26748  -1.66540  -1.95629 0.14685E+02   0.35248
  0.29656845E+09   2.99515   2.60368   3.66844   1.93787  -1.26766  -1.66553  -1.95639 0.14683E+02   0.35243
  0.29660222E+09   2.99514   2.60300   3.66849   1.93876  -1.26781  -1.66564  -1.95648 0.14681E+02   0.35239
  0.29663460E+09   2.99513   2.60234   3.66854   1.93961  -1.26795  -1.66575  -1.95656 0.14679E+02   0.35235
  0.29666634E+09   2.99512   2.60169   3.66859   1.94045  -1.26809  -1.66585  -1.95664 0.14677E+02   0.35231
  0.29669781E+09   2.99510   2.60105   3.66864   1.94130  -1.26823  -1.66595  -1.95672 0.14674E+02   0.35227
  0.29672919E+09   2.99509   2.60043   3.66873   1.94226  -1.26836  -1.66603  -1.95677 0.14670E+02   0.35223
  0.29676055E+09   2.99508   2.59976   3.66876   1.94306  -1.26851  -1.66614  -1.95686 0.14668E+02   0.35219
  0.29679817E+09   2.99507   2.59901   3.66884   1.94411  -1.26867  -1.66625  -1.95694 0.14663E+02   0.35214
  0.29684333E+09   2.99506   2.59809   3.66891   1.94531  -1.26886  -1.66639  -1.95706 0.14659E+02   0.35208
  0.29688111E+09   2.99505   2.59732   3.66898   1.94636  -1.26902  -1.66650  -1.95714 0.14655E+02   0.35204
  0.29691574E+09   2.99503   2.59660   3.66903   1.94730  -1.26918  -1.66661  -1.95722 0.14652E+02   0.35199
  0.29694895E+09   2.99502   2.59590   3.66908   1.94817  -1.26933  -1.66672  -1.95731 0.14650E+02   0.35195
  0.29698150E+09   2.99501   2.59523   3.66913   1.94905  -1.26947  -1.66683  -1.95739 0.14646E+02   0.35191
  0.29701379E+09   2.99500   2.59456   3.66918   1.94993  -1.26962  -1.66693  -1.95747 0.14643E+02   0.35187
  0.29704597E+09   2.99499   2.59388   3.66923   1.95081  -1.26976  -1.66703  -1.95755 0.14639E+02   0.35182
  0.29708460E+09   2.99498   2.59309   3.66931   1.95190  -1.26992  -1.66715  -1.95763 0.14635E+02   0.35178
  0.29713094E+09   2.99497   2.59215   3.66940   1.95320  -1.27012  -1.66728  -1.95773 0.14629E+02   0.35172
  0.29716968E+09   2.99495   2.59132   3.66944   1.95419  -1.27030  -1.66742  -1.95784 0.14625E+02   0.35167
  0.29720516E+09   2.99494   2.59057   3.66949   1.95516  -1.27046  -1.66753  -1.95793 0.14621E+02   0.35162
  0.29723917E+09   2.99493   2.58984   3.66955   1.95610  -1.27062  -1.66764  -1.95802 0.14617E+02   0.35158
  0.29727252E+09   2.99492   2.58912   3.66960   1.95704  -1.27076  -1.66775  -1.95810 0.14614E+02   0.35154
  0.29730558E+09   2.99491   2.58840   3.66966   1.95798  -1.27091  -1.66786  -1.95818 0.14609E+02   0.35149
  0.29733855E+09   2.99490   2.58769   3.66972   1.95896  -1.27106  -1.66796  -1.95826 0.14604E+02   0.35145
  0.29737811E+09   2.99489   2.58684   3.66980   1.96012  -1.27123  -1.66808  -1.95835 0.14598E+02   0.35140
  0.29742559E+09   2.99487   2.58584   3.66990   1.96149  -1.27144  -1.66822  -1.95845 0.14590E+02   0.35134
  0.29746528E+09   2.99486   2.58497   3.66994   1.96253  -1.27162  -1.66836  -1.95856 0.14587E+02   0.35129
  0.29750164E+09   2.99485   2.58419   3.67000   1.96354  -1.27179  -1.66848  -1.95865 0.14582E+02   0.35124
  0.29753650E+09   2.99484   2.58343   3.67005   1.96451  -1.27195  -1.66859  -1.95875 0.14577E+02   0.35119
  0.29757068E+09   2.99483   2.58270   3.67012   1.96554  -1.27210  -1.66870  -1.95882 0.14572E+02   0.35115
  0.29760458E+09   2.99482   2.58193   3.67017   1.96647  -1.27226  -1.66882  -1.95892 0.14567E+02   0.35110
  0.29763839E+09   2.99481   2.58120   3.67023   1.96745  -1.27242  -1.66893  -1.95900 0.14562E+02   0.35106
  0.29767896E+09   2.99480   2.58031   3.67031   1.96866  -1.27260  -1.66905  -1.95909 0.14555E+02   0.35101
  0.29772765E+09   2.99478   2.57926   3.67040   1.97010  -1.27281  -1.66920  -1.95920 0.14547E+02   0.35094
  0.29776836E+09   2.99477   2.57835   3.67046   1.97123  -1.27301  -1.66934  -1.95932 0.14541E+02   0.35089
  0.29780566E+09   2.99476   2.57751   3.67052   1.97231  -1.27318  -1.66947  -1.95942 0.14535E+02   0.35084
  0.29784143E+09   2.99475   2.57669   3.67058   1.97336  -1.27335  -1.66960  -1.95951 0.14529E+02   0.35079
  0.29787652E+09   2.99474   2.57589   3.67064   1.97441  -1.27352  -1.66971  -1.95961 0.14522E+02   0.35074
  0.29791132E+09   2.99473   2.57508   3.67070   1.97546  -1.27368  -1.66983  -1.95969 0.14516E+02   0.35069
  0.29794601E+09   2.99472   2.57430   3.67080   1.97661  -1.27384  -1.66994  -1.95977 0.14508E+02   0.35065
  0.29798764E+09   2.99470   2.57331   3.67087   1.97787  -1.27404  -1.67008  -1.95988 0.14501E+02   0.35059
  0.29803760E+09   2.99469   2.57217   3.67094   1.97934  -1.27428  -1.67025  -1.96002 0.14491E+02   0.35052
  0.29807939E+09   2.99468   2.57120   3.67102   1.98060  -1.27448  -1.67040  -1.96013 0.14483E+02   0.35046
  0.29811769E+09   2.99467   2.57031   3.67110   1.98179  -1.27467  -1.67053  -1.96023 0.14475E+02   0.35041
  0.29815442E+09   2.99466   2.56944   3.67116   1.98291  -1.27485  -1.67066  -1.96033 0.14469E+02   0.35036
  0.29819046E+09   2.99464   2.56858   3.67122   1.98402  -1.27503  -1.67079  -1.96043 0.14462E+02   0.35031
  0.29822621E+09   2.99463   2.56773   3.67129   1.98513  -1.27520  -1.67092  -1.96052 0.14454E+02   0.35026
  0.29826187E+09   2.99462   2.56688   3.67135   1.98624  -1.27538  -1.67104  -1.96062 0.14447E+02   0.35021
  0.29830467E+09   2.99461   2.56587   3.67144   1.98762  -1.27559  -1.67119  -1.96073 0.14437E+02   0.35015
  0.29835603E+09   2.99460   2.56467   3.67155   1.98923  -1.27585  -1.67137  -1.96088 0.14426E+02   0.35007
  0.29839901E+09   2.99459   2.56362   3.67162   1.99055  -1.27607  -1.67153  -1.96100 0.14417E+02   0.35001
  0.29843842E+09   2.99457   2.56267   3.67170   1.99184  -1.27626  -1.67167  -1.96110 0.14408E+02   0.34995
  0.29847623E+09   2.99456   2.56173   3.67177   1.99304  -1.27646  -1.67182  -1.96122 0.14399E+02   0.34990
  0.29851331E+09   2.99455   2.56082   3.67185   1.99428  -1.27665  -1.67195  -1.96132 0.14390E+02   0.34984
  0.29855010E+09   2.99454   2.55989   3.67191   1.99547  -1.27685  -1.67210  -1.96143 0.14381E+02   0.34979
  0.29858679E+09   2.99453   2.55898   3.67199   1.99667  -1.27704  -1.67224  -1.96154 0.14373E+02   0.34973
  0.29863083E+09   2.99452   2.55790   3.67208   1.99813  -1.27727  -1.67240  -1.96166 0.14361E+02   0.34966
  0.29868367E+09   2.99451   2.55660   3.67217   1.99978  -1.27756  -1.67261  -1.96183 0.14349E+02   0.34958
  0.29872794E+09   2.99449   2.55551   3.67227   2.00125  -1.27779  -1.67277  -1.96195 0.14338E+02   0.34952
  0.29876855E+09   2.99448   2.55448   3.67233   2.00254  -1.27802  -1.67294  -1.96209 0.14329E+02   0.34945
  0.29880751E+09   2.99447   2.55349   3.67240   2.00380  -1.27824  -1.67311  -1.96222 0.14320E+02   0.34939
  0.29884575E+09   2.99446   2.55254   3.67250   2.00516  -1.27845  -1.67325  -1.96233 0.14309E+02   0.34933
  0.29888367E+09   2.99445   2.55154   3.67257   2.00642  -1.27866  -1.67341  -1.96246 0.14299E+02   0.34927
  0.29892151E+09   2.99444   2.55057   3.67267   2.00778  -1.27887  -1.67355  -1.96256 0.14288E+02   0.34921
  0.29896693E+09   2.99443   2.54938   3.67276   2.00933  -1.27913  -1.67374  -1.96271 0.14276E+02   0.34914
  0.29902142E+09   2.99441   2.54800   3.67285   2.01109  -1.27944  -1.67398  -1.96290 0.14262E+02   0.34905
  0.29906707E+09   2.99440   2.54684   3.67295   2.01265  -1.27970  -1.67417  -1.96304 0.14250E+02   0.34897
  0.29910895E+09   2.99439   2.54575   3.67303   2.01406  -1.27995  -1.67435  -1.96319 0.14238E+02   0.34890
  0.29914915E+09   2.99438   2.54470   3.67312   2.01544  -1.28019  -1.67452  -1.96333 0.14228E+02   0.34884
  0.29918862E+09   2.99437   2.54366   3.67319   2.01679  -1.28043  -1.67470  -1.96347 0.14217E+02   0.34877
  0.29922778E+09   2.99436   2.54263   3.67327   2.01815  -1.28067  -1.67488  -1.96361 0.14206E+02   0.34870
  0.29926687E+09   2.99435   2.54159   3.67336   2.01954  -1.28091  -1.67505  -1.96374 0.14194E+02   0.34863
  0.29931377E+09   2.99434   2.54035   3.67347   2.02122  -1.28119  -1.67526  -1.96391 0.14180E+02   0.34855
  0.29937006E+09   2.99432   2.53886   3.67359   2.02317  -1.28154  -1.67552  -1.96411 0.14164E+02   0.34845
  0.29941722E+09   2.99431   2.53760   3.67369   2.02482  -1.28184  -1.67574  -1.96429 0.14151E+02   0.34837
  0.29946051E+09   2.99430   2.53641   3.67377   2.02633  -1.28213  -1.67596  -1.96447 0.14138E+02   0.34829
  0.29950208E+09   2.99429   2.53527   3.67385   2.02782  -1.28241  -1.67616  -1.96463 0.14126E+02   0.34821
  0.29954290E+09   2.99428   2.53414   3.67395   2.02933  -1.28268  -1.67636  -1.96479 0.14113E+02   0.34814
  0.29958342E+09   2.99427   2.53300   3.67404   2.03080  -1.28295  -1.67657  -1.96496 0.14100E+02   0.34806
  0.29962387E+09   2.99426   2.53187   3.67412   2.03228  -1.28323  -1.67678  -1.96513 0.14088E+02   0.34798
  0.29967242E+09   2.99424   2.53055   3.67424   2.03408  -1.28356  -1.67702  -1.96531 0.14072E+02   0.34789
  0.29973067E+09   2.99423   2.52896   3.67435   2.03609  -1.28396  -1.67732  -1.96556 0.14055E+02   0.34778
  0.29977950E+09   2.99422   2.52764   3.67447   2.03788  -1.28429  -1.67757  -1.96576 0.14040E+02   0.34768
  0.29982434E+09   2.99421   2.52638   3.67455   2.03946  -1.28462  -1.67783  -1.96597 0.14026E+02   0.34759
  0.29986741E+09   2.99420   2.52518   3.67464   2.04102  -1.28494  -1.67806  -1.96617 0.14013E+02   0.34750
  0.29990971E+09   2.99419   2.52400   3.67474   2.04261  -1.28525  -1.67829  -1.96635 0.13999E+02   0.34741
  0.29995172E+09   2.99418   2.52280   3.67483   2.04416  -1.28556  -1.67853  -1.96655 0.13986E+02   0.34732
  0.29999368E+09   2.99417   2.52162   3.67493   2.04573  -1.28588  -1.67877  -1.96674 0.13972E+02   0.34724
  0.30004403E+09   2.99415   2.52020   3.67505   2.04764  -1.28626  -1.67906  -1.96697 0.13955E+02   0.34713
  0.30010446E+09   2.99414   2.51852   3.67520   2.04992  -1.28672  -1.67941  -1.96726 0.13935E+02   0.34701
  0.30015513E+09   2.99413   2.51708   3.67531   2.05179  -1.28711  -1.67971  -1.96750 0.13919E+02   0.34690
  0.30020167E+09   2.99412   2.51573   3.67540   2.05351  -1.28749  -1.68000  -1.96775 0.13904E+02   0.34679
  0.30024639E+09   2.99411   2.51444   3.67550   2.05520  -1.28786  -1.68028  -1.96798 0.13889E+02   0.34669
  0.30029032E+09   2.99410   2.51318   3.67562   2.05695  -1.28822  -1.68056  -1.96821 0.13873E+02   0.34659
  0.30033397E+09   2.99409   2.51188   3.67571   2.05859  -1.28859  -1.68085  -1.96845 0.13858E+02   0.34649
  0.30038635E+09   2.99407   2.51037   3.67583   2.06060  -1.28903  -1.68119  -1.96873 0.13840E+02   0.34637
  0.30044921E+09   2.99406   2.50860   3.67598   2.06296  -1.28956  -1.68159  -1.96907 0.13819E+02   0.34623
  0.30050184E+09   2.99405   2.50710   3.67609   2.06489  -1.29001  -1.68195  -1.96937 0.13801E+02   0.34610
  0.30055013E+09   2.99404   2.50572   3.67622   2.06678  -1.29044  -1.68228  -1.96964 0.13784E+02   0.34598
  0.30059653E+09   2.99402   2.50436   3.67632   2.06854  -1.29086  -1.68261  -1.96992 0.13768E+02   0.34587
  0.30064212E+09   2.99401   2.50304   3.67643   2.07030  -1.29127  -1.68293  -1.97019 0.13752E+02   0.34576
  0.30068741E+09   2.99400   2.50173   3.67654   2.07204  -1.29169  -1.68326  -1.97046 0.13736E+02   0.34564
  0.30074177E+09   2.99399   2.50017   3.67669   2.07420  -1.29219  -1.68364  -1.97078 0.13717E+02   0.34551
  0.30080700E+09   2.99398   2.49828   3.67681   2.07660  -1.29282  -1.68414  -1.97121 0.13695E+02   0.34534
  0.30086162E+09   2.99397   2.49670   3.67693   2.07863  -1.29335  -1.68456  -1.97157 0.13677E+02   0.34519
  0.30091177E+09   2.99395   2.49526   3.67706   2.08062  -1.29383  -1.68494  -1.97189 0.13659E+02   0.34506
  0.30095997E+09   2.99394   2.49385   3.67717   2.08243  -1.29432  -1.68532  -1.97221 0.13643E+02   0.34493
  0.30100734E+09   2.99393   2.49248   3.67727   2.08423  -1.29480  -1.68571  -1.97254 0.13627E+02   0.34480
  0.30105441E+09   2.99392   2.49114   3.67739   2.08604  -1.29527  -1.68608  -1.97286 0.13611E+02   0.34467
  0.30111090E+09   2.99391   2.48953   3.67752   2.08814  -1.29585  -1.68655  -1.97326 0.13592E+02   0.34452
  0.30117868E+09   2.99390   2.48765   3.67767   2.09065  -1.29655  -1.68710  -1.97374 0.13570E+02   0.34433
  0.30123549E+09   2.99388   2.48605   3.67780   2.09276  -1.29715  -1.68759  -1.97415 0.13551E+02   0.34417
  0.30128765E+09   2.99387   2.48459   3.67794   2.09479  -1.29771  -1.68803  -1.97453 0.13533E+02   0.34402
  0.30133778E+09   2.99386   2.48314   3.67805   2.09666  -1.29827  -1.68848  -1.97493 0.13516E+02   0.34387
  0.30138705E+09   2.99385   2.48171   3.67815   2.09850  -1.29884  -1.68894  -1.97532 0.13500E+02   0.34372
  0.30143604E+09   2.99384   2.48031   3.67828   2.10041  -1.29940  -1.68939  -1.97571 0.13483E+02   0.34357
  0.30149482E+09   2.99383   2.47862   3.67842   2.10265  -1.30008  -1.68994  -1.97619 0.13463E+02   0.34339
  0.30156535E+09   2.99382   2.47663   3.67858   2.10531  -1.30090  -1.69061  -1.97677 0.13439E+02   0.34317
  0.30162446E+09   2.99380   2.47497   3.67871   2.10746  -1.30161  -1.69118  -1.97727 0.13420E+02   0.34299
  0.30167876E+09   2.99379   2.47347   3.67884   2.10948  -1.30226  -1.69172  -1.97774 0.13402E+02   0.34281
  0.30173094E+09   2.99378   2.47201   3.67898   2.11151  -1.30290  -1.69224  -1.97819 0.13384E+02   0.34264
  0.30178225E+09   2.99377   2.47054   3.67909   2.11343  -1.30355  -1.69277  -1.97866 0.13367E+02   0.34247
  0.30183325E+09   2.99376   2.46910   3.67921   2.11535  -1.30421  -1.69331  -1.97913 0.13350E+02   0.34230
  0.30189445E+09   2.99375   2.46739   3.67936   2.11764  -1.30500  -1.69395  -1.97969 0.13330E+02   0.34209
  0.30196789E+09   2.99374   2.46542   3.67960   2.12056  -1.30593  -1.69471  -1.98035 0.13303E+02   0.34185
  0.30202946E+09   2.99372   2.46365   3.67969   2.12268  -1.30678  -1.69542  -1.98098 0.13285E+02   0.34163
  0.30208602E+09   2.99371   2.46211   3.67983   2.12479  -1.30754  -1.69605  -1.98154 0.13267E+02   0.34143
  0.30214041E+09   2.99370   2.46059   3.67996   2.12681  -1.30830  -1.69668  -1.98209 0.13249E+02   0.34123
  0.30219389E+09   2.99369   2.45913   3.68007   2.12875  -1.30905  -1.69730  -1.98265 0.13233E+02   0.34103
  0.30224706E+09   2.99368   2.45769   3.68020   2.13067  -1.30980  -1.69792  -1.98320 0.13216E+02   0.34084
  0.30231086E+09   2.99367   2.45598   3.68033   2.13291  -1.31072  -1.69869  -1.98389 0.13198E+02   0.34060
  0.30238742E+09   2.99366   2.45401   3.68053   2.13567  -1.31179  -1.69958  -1.98468 0.13174E+02   0.34032
  0.30245162E+09   2.99364   2.45235   3.68070   2.13801  -1.31273  -1.70036  -1.98537 0.13154E+02   0.34008
  0.30251061E+09   2.99363   2.45077   3.68081   2.14004  -1.31364  -1.70113  -1.98606 0.13137E+02   0.33984
  0.30256732E+09   2.99362   2.44928   3.68094   2.14205  -1.31450  -1.70185  -1.98670 0.13120E+02   0.33962
  0.30262308E+09   2.99361   2.44781   3.68107   2.14404  -1.31537  -1.70258  -1.98736 0.13103E+02   0.33939
  0.30267852E+09   2.99360   2.44636   3.68122   2.14607  -1.31626  -1.70332  -1.98802 0.13086E+02   0.33916
  0.30274504E+09   2.99359   2.44460   3.68135   2.14836  -1.31734  -1.70424  -1.98885 0.13067E+02   0.33889
  0.30282488E+09   2.99358   2.44256   3.68154   2.15115  -1.31864  -1.70534  -1.98984 0.13044E+02   0.33855
  0.30289185E+09   2.99356   2.44085   3.68170   2.15350  -1.31975  -1.70628  -1.99069 0.13024E+02   0.33827
  0.30295342E+09   2.99355   2.43931   3.68184   2.15559  -1.32077  -1.70715  -1.99147 0.13007E+02   0.33800
  0.30301263E+09   2.99354   2.43784   3.68196   2.15757  -1.32179  -1.70801  -1.99225 0.12991E+02   0.33775
  0.30307085E+09   2.99353   2.43639   3.68210   2.15957  -1.32280  -1.70887  -1.99303 0.12975E+02   0.33749
  0.30312874E+09   2.99352   2.43494   3.68223   2.16151  -1.32383  -1.70975  -1.99382 0.12960E+02   0.33723
  0.30319821E+09   2.99351   2.43324   3.68237   2.16380  -1.32506  -1.71080  -1.99478 0.12942E+02   0.33691
  0.30328158E+09   2.99350   2.43130   3.68261   2.16670  -1.32653  -1.71205  -1.99591 0.12918E+02   0.33654
  0.30335150E+09   2.99348   2.42959   3.68274   2.16890  -1.32783  -1.71317  -1.99693 0.12902E+02   0.33621
  0.30341577E+09   2.99347   2.42806   3.68288   2.17100  -1.32905  -1.71422  -1.99789 0.12885E+02   0.33590
  0.30347760E+09   2.99346   2.42658   3.68301   2.17301  -1.33025  -1.71525  -1.99883 0.12870E+02   0.33560
  0.30353840E+09   2.99345   2.42516   3.68315   2.17499  -1.33141  -1.71626  -1.99975 0.12855E+02   0.33530
  0.30359886E+09   2.99344   2.42376   3.68328   2.17691  -1.33260  -1.71728  -2.00069 0.12840E+02   0.33500
  0.30367141E+09   2.99343   2.42210   3.68343   2.17915  -1.33404  -1.71853  -2.00183 0.12824E+02   0.33464
  0.30375847E+09   2.99342   2.42024   3.68370   2.18210  -1.33573  -1.71998  -2.00315 0.12800E+02   0.33421
  0.30383147E+09   2.99340   2.41856   3.68382   2.18426  -1.33724  -1.72130  -2.00436 0.12786E+02   0.33383
  0.30389857E+09   2.99339   2.41709   3.68394   2.18623  -1.33864  -1.72252  -2.00549 0.12772E+02   0.33348
  0.30396308E+09   2.99338   2.41569   3.68408   2.18818  -1.34000  -1.72370  -2.00658 0.12758E+02   0.33314
  0.30402652E+09   2.99337   2.41432   3.68422   2.19008  -1.34137  -1.72489  -2.00768 0.12744E+02   0.33280
  0.30408962E+09   2.99336   2.41298   3.68436   2.19199  -1.34274  -1.72609  -2.00878 0.12731E+02   0.33246
  0.30416534E+09   2.99335   2.41140   3.68453   2.19426  -1.34440  -1.72754  -2.01012 0.12715E+02   0.33204
  0.30425620E+09   2.99334   2.40952   3.68471   2.19684  -1.34641  -1.72930  -2.01175 0.12697E+02   0.33154
  0.30433238E+09   2.99332   2.40801   3.68487   2.19899  -1.34810  -1.73079  -2.01312 0.12683E+02   0.33112
  0.30440237E+09   2.99331   2.40663   3.68501   2.20095  -1.34970  -1.73220  -2.01442 0.12670E+02   0.33072
  0.30446965E+09   2.99330   2.40531   3.68517   2.20288  -1.35128  -1.73359  -2.01571 0.12657E+02   0.33033
  0.30453579E+09   2.99329   2.40401   3.68529   2.20467  -1.35285  -1.73497  -2.01700 0.12646E+02   0.32995
  0.30460155E+09   2.99328   2.40275   3.68543   2.20647  -1.35442  -1.73636  -2.01828 0.12635E+02   0.32956
  0.30468046E+09   2.99327   2.40127   3.68560   2.20866  -1.35634  -1.73806  -2.01986 0.12621E+02   0.32908
  0.30477516E+09   2.99326   2.39954   3.68582   2.21126  -1.35864  -1.74008  -2.02174 0.12604E+02   0.32852
  0.30485455E+09   2.99324   2.39809   3.68598   2.21333  -1.36063  -1.74185  -2.02339 0.12592E+02   0.32803
  0.30492749E+09   2.99323   2.39678   3.68610   2.21514  -1.36249  -1.74351  -2.02494 0.12582E+02   0.32757
  0.30499759E+09   2.99322   2.39556   3.68624   2.21693  -1.36429  -1.74511  -2.02644 0.12572E+02   0.32713
  0.30506649E+09   2.99321   2.39435   3.68638   2.21868  -1.36612  -1.74674  -2.02795 0.12562E+02   0.32669
  0.30513498E+09   2.99320   2.39318   3.68652   2.22041  -1.36794  -1.74836  -2.02948 0.12552E+02   0.32624
  0.30521717E+09   2.99319   2.39183   3.68673   2.22258  -1.37014  -1.75033  -2.03130 0.12540E+02   0.32570
  0.30531579E+09   2.99318   2.39022   3.68691   2.22494  -1.37278  -1.75269  -2.03352 0.12528E+02   0.32506
  0.30539843E+09   2.99316   2.38892   3.68708   2.22691  -1.37507  -1.75474  -2.03544 0.12518E+02   0.32451
  0.30547431E+09   2.99315   2.38772   3.68721   2.22863  -1.37721  -1.75667  -2.03725 0.12510E+02   0.32399
  0.30554722E+09   2.99314   2.38660   3.68735   2.23031  -1.37932  -1.75856  -2.03903 0.12502E+02   0.32348
  0.30561887E+09   2.99313   2.38553   3.68750   2.23196  -1.38139  -1.76042  -2.04078 0.12495E+02   0.32298
  0.30569006E+09   2.99312   2.38447   3.68763   2.23355  -1.38348  -1.76230  -2.04255 0.12488E+02   0.32247
  0.30577549E+09   2.99311   2.38325   3.68781   2.23550  -1.38602  -1.76459  -2.04470 0.12479E+02   0.32186
  0.30587800E+09   2.99310   2.38180   3.68800   2.23769  -1.38910  -1.76737  -2.04732 0.12471E+02   0.32111
  0.30596385E+09   2.99308   2.38065   3.68817   2.23954  -1.39173  -1.76975  -2.04956 0.12463E+02   0.32048
  0.30604267E+09   2.99307   2.37954   3.68825   2.24096  -1.39420  -1.77200  -2.05170 0.12460E+02   0.31989
  0.30611839E+09   2.99306   2.37867   3.68848   2.24273  -1.39656  -1.77414  -2.05370 0.12452E+02   0.31933
  0.30619279E+09   2.99305   2.37776   3.68869   2.24447  -1.39892  -1.77627  -2.05572 0.12445E+02   0.31876
  0.30626668E+09   2.99304   2.37674   3.68876   2.24577  -1.40139  -1.77853  -2.05786 0.12443E+02   0.31818
  0.30634048E+09   2.99303   2.37587   3.68889   2.24719  -1.40382  -1.78075  -2.05996 0.12439E+02   0.31760
  0.30642903E+09   2.99302   2.37485   3.68907   2.24893  -1.40675  -1.78342  -2.06249 0.12435E+02   0.31690
  0.30653529E+09   2.99301   2.37367   3.68928   2.25093  -1.41029  -1.78665  -2.06555 0.12430E+02   0.31607
  0.30662443E+09   2.99299   2.37271   3.68945   2.25257  -1.41336  -1.78945  -2.06821 0.12427E+02   0.31534
  0.30670630E+09   2.99298   2.37190   3.68965   2.25416  -1.41617  -1.79202  -2.07064 0.12423E+02   0.31468
  0.30678496E+09   2.99297   2.37110   3.68980   2.25558  -1.41895  -1.79458  -2.07307 0.12421E+02   0.31402
  0.30686222E+09   2.99296   2.37034   3.68995   2.25692  -1.42173  -1.79713  -2.07550 0.12419E+02   0.31337
  0.30693895E+09   2.99295   2.36960   3.69008   2.25819  -1.42454  -1.79971  -2.07795 0.12418E+02   0.31271
  0.30701557E+09   2.99294   2.36882   3.69014   2.25919  -1.42735  -1.80232  -2.08044 0.12421E+02   0.31206
  0.30710751E+09   2.99293   2.36809   3.69033   2.26069  -1.43071  -1.80541  -2.08338 0.12421E+02   0.31127
  0.30721784E+09   2.99291   2.36717   3.69053   2.26242  -1.43484  -1.80922  -2.08702 0.12421E+02   0.31031
  0.30731031E+09   2.99290   2.36645   3.69070   2.26381  -1.43838  -1.81250  -2.09014 0.12422E+02   0.30949
  0.30739518E+09   2.99289   2.36583   3.69088   2.26516  -1.44170  -1.81556  -2.09307 0.12422E+02   0.30872
  0.30747664E+09   2.99288   2.36521   3.69100   2.26625  -1.44488  -1.81851  -2.09589 0.12425E+02   0.30799
  0.30755660E+09   2.99287   2.36470   3.69115   2.26736  -1.44805  -1.82146  -2.09870 0.12428E+02   0.30725
  0.30763599E+09   2.99286   2.36417   3.69128   2.26840  -1.45132  -1.82449  -2.10161 0.12432E+02   0.30650
  0.30771523E+09   2.99285   2.36369   3.69144   2.26951  -1.45462  -1.82757  -2.10455 0.12435E+02   0.30574
  0.30781032E+09   2.99284   2.36313   3.69163   2.27084  -1.45863  -1.83130  -2.10812 0.12438E+02   0.30483
  0.30792443E+09   2.99282   2.36251   3.69184   2.27231  -1.46339  -1.83573  -2.11237 0.12444E+02   0.30373
  0.30801998E+09   2.99281   2.36200   3.69197   2.27332  -1.46756  -1.83964  -2.11612 0.12451E+02   0.30279
  0.30810762E+09   2.99280   2.36163   3.69214   2.27438  -1.47134  -1.84317  -2.11950 0.12457E+02   0.30193
  0.30819170E+09   2.99279   2.36128   3.69229   2.27531  -1.47510  -1.84669  -2.12289 0.12464E+02   0.30108
  0.30827420E+09   2.99278   2.36096   3.69243   2.27620  -1.47888  -1.85023  -2.12629 0.12471E+02   0.30023
  0.30835603E+09   2.99277   2.36068   3.69259   2.27712  -1.48264  -1.85376  -2.12968 0.12477E+02   0.29938
  0.30843765E+09   2.99276   2.36039   3.69271   2.27790  -1.48649  -1.85738  -2.13317 0.12486E+02   0.29851
  0.30853560E+09   2.99274   2.36019   3.69296   2.27909  -1.49103  -1.86165  -2.13727 0.12493E+02   0.29749
  0.30865313E+09   2.99273   2.35984   3.69311   2.28004  -1.49673  -1.86702  -2.14245 0.12508E+02   0.29622
  0.30875141E+09   2.99272   2.35969   3.69331   2.28099  -1.50137  -1.87140  -2.14666 0.12517E+02   0.29519
  0.30884143E+09   2.99270   2.35957   3.69347   2.28173  -1.50582  -1.87561  -2.15072 0.12529E+02   0.29420
  0.30892769E+09   2.99269   2.35947   3.69360   2.28237  -1.51027  -1.87982  -2.15479 0.12541E+02   0.29321
  0.30901226E+09   2.99268   2.35937   3.69372   2.28293  -1.51475  -1.88406  -2.15889 0.12554E+02   0.29223
  0.30909611E+09   2.99267   2.35938   3.69392   2.28371  -1.51908  -1.88816  -2.16284 0.12565E+02   0.29128
  0.30917970E+09   2.99266   2.35930   3.69399   2.28409  -1.52362  -1.89248  -2.16703 0.12580E+02   0.29028
  0.30926324E+09   2.99265   2.35945   3.69424   2.28494  -1.52810  -1.89673  -2.17113 0.12590E+02   0.28930
  0.30936349E+09   2.99264   2.35937   3.69432   2.28534  -1.53346  -1.90184  -2.17608 0.12608E+02   0.28814
  0.30948379E+09   2.99262   2.35965   3.69463   2.28631  -1.53995  -1.90801  -2.18205 0.12625E+02   0.28673
  0.30958431E+09   2.99261   2.35972   3.69470   2.28652  -1.54585  -1.91365  -2.18753 0.12648E+02   0.28546
  0.30967634E+09   2.99260   2.36008   3.69501   2.28738  -1.55120  -1.91875  -2.19246 0.12661E+02   0.28430
  0.30976449E+09   2.99259   2.36017   3.69508   2.28758  -1.55654  -1.92387  -2.19744 0.12681E+02   0.28316
  0.30985085E+09   2.99258   2.36045   3.69525   2.28796  -1.56180  -1.92891  -2.20233 0.12699E+02   0.28204
  0.30993641E+09   2.99257   2.36072   3.69540   2.28828  -1.56708  -1.93397  -2.20725 0.12717E+02   0.28092
  0.31002162E+09   2.99256   2.36106   3.69556   2.28860  -1.57246  -1.93914  -2.21227 0.12736E+02   0.27978
  0.31010672E+09   2.99254   2.36129   3.69570   2.28894  -1.57740  -1.94388  -2.21688 0.12753E+02   0.27874
  0.31019179E+09   2.99253   2.36172   3.69588   2.28921  -1.58249  -1.94878  -2.22164 0.12772E+02   0.27766
  0.31029388E+09   2.99252   2.36227   3.69607   2.28941  -1.58913  -1.95517  -2.22786 0.12797E+02   0.27627
  0.31041638E+09   2.99251   2.36296   3.69630   2.28965  -1.59749  -1.96323  -2.23571 0.12828E+02   0.27453
  0.31051861E+09   2.99249   2.36355   3.69646   2.28969  -1.60475  -1.97026  -2.24256 0.12857E+02   0.27303
  0.31061210E+09   2.99248   2.36422   3.69669   2.28993  -1.61150  -1.97678  -2.24892 0.12881E+02   0.27164
  0.31070153E+09   2.99247   2.36478   3.69680   2.28982  -1.61823  -1.98331  -2.25530 0.12910E+02   0.27026
  0.31078900E+09   2.99246   2.36552   3.69707   2.29014  -1.62474  -1.98962  -2.26145 0.12931E+02   0.26893
  0.31087555E+09   2.99245   2.36616   3.69723   2.29014  -1.63141  -1.99610  -2.26778 0.12958E+02   0.26758
  0.31096168E+09   2.99244   2.36681   3.69732   2.28986  -1.63824  -2.00275  -2.27430 0.12988E+02   0.26620
  0.31104761E+09   2.99243   2.36650   3.69752   2.29098  -1.64008  -2.00454  -2.27603 0.12987E+02   0.26585
  0.31113322E+09   2.99241   2.36692   3.69749   2.29044  -1.64252  -2.00692  -2.27837 0.13009E+02   0.26535
  0.31121847E+09   2.99240   2.36794   3.69756   2.28968  -1.64690  -2.01119  -2.28254 0.13038E+02   0.26446
  0.31130357E+09   2.99239   2.36906   3.69772   2.28922  -1.65283  -2.01695  -2.28818 0.13068E+02   0.26327
  0.31138863E+09   2.99238   2.37003   3.69784   2.28874  -1.65980  -2.02376  -2.29485 0.13101E+02   0.26188
  0.31149071E+09   2.99237   2.37126   3.69816   2.28877  -1.66852  -2.03227  -2.30317 0.13134E+02   0.26016
  0.31161320E+09   2.99235   2.37254   3.69832   2.28814  -1.67971  -2.04323  -2.31393 0.13184E+02   0.25797
  0.31171526E+09   2.99234   2.37388   3.69869   2.28825  -1.68898  -2.05232  -2.32283 0.13217E+02   0.25617
  0.31180842E+09   2.99233   2.37487   3.69868   2.28725  -1.69829  -2.06147  -2.33184 0.13265E+02   0.25438
  0.31189743E+09   2.99232   2.37625   3.69912   2.28759  -1.70667  -2.06970  -2.33990 0.13292E+02   0.25278
  0.31198439E+09   2.99230   2.37732   3.69919   2.28684  -1.71572  -2.07863  -2.34869 0.13334E+02   0.25106
  0.31207028E+09   2.99229   2.37864   3.69950   2.28674  -1.72445  -2.08723  -2.35714 0.13368E+02   0.24942
  0.31215559E+09   2.99228   2.37978   3.69956   2.28583  -1.73379  -2.09647  -2.36625 0.13413E+02   0.24767
  0.31224058E+09   2.99227   2.38123   3.69991   2.28579  -1.74276  -2.10534  -2.37497 0.13446E+02   0.24600
  0.31232536E+09   2.99226   2.38249   3.70002   2.28496  -1.75242  -2.11492  -2.38442 0.13492E+02   0.24423
  0.31240994E+09   2.99225   2.38404   3.70042   2.28499  -1.76173  -2.12414  -2.39349 0.13525E+02   0.24253
  0.31249433E+09   2.99224   2.38545   3.70061   2.28436  -1.77171  -2.13407  -2.40329 0.13568E+02   0.24072
  0.31257856E+09   2.99223   2.38683   3.70066   2.28318  -1.78215  -2.14448  -2.41358 0.13620E+02   0.23884
  0.31266265E+09   2.99221   2.38852   3.70105   2.28306  -1.79210  -2.15439  -2.42335 0.13656E+02   0.23707
  0.31274657E+09   2.99220   2.39001   3.70115   2.28197  -1.80298  -2.16525  -2.43410 0.13708E+02   0.23516
  0.31283030E+09   2.99219   2.39175   3.70151   2.28167  -1.81350  -2.17576  -2.44449 0.13748E+02   0.23332
  0.31291383E+09   2.99218   2.39337   3.70166   2.28065  -1.82476  -2.18705  -2.45568 0.13800E+02   0.23138
  0.31299716E+09   2.99217   2.39522   3.70208   2.28045  -1.83569  -2.19802  -2.46652 0.13840E+02   0.22951
  0.31308030E+09   2.99216   2.39698   3.70231   2.27962  -1.84736  -2.20975  -2.47815 0.13890E+02   0.22753
  0.31316323E+09   2.99215   2.39869   3.70236   2.27812  -1.85969  -2.22217  -2.49050 0.13951E+02   0.22547
  0.31324592E+09   2.99213   2.40073   3.70286   2.27808  -1.87118  -2.23375  -2.50196 0.13990E+02   0.22357
  0.31332836E+09   2.99212   2.40254   3.70297   2.27669  -1.88400  -2.24672  -2.51487 0.14051E+02   0.22147
  0.31341054E+09   2.99211   2.40461   3.70341   2.27638  -1.89621  -2.25907  -2.52713 0.14094E+02   0.21950
  0.31349245E+09   2.99210   2.40652   3.70353   2.27493  -1.90962  -2.27268  -2.54068 0.14157E+02   0.21736
  0.31357408E+09   2.99209   2.40863   3.70389   2.27428  -1.92260  -2.28586  -2.55380 0.14207E+02   0.21531
  0.31365544E+09   2.99208   2.41069   3.70414   2.27320  -1.93624  -2.29976  -2.56766 0.14266E+02   0.21319
  0.31373652E+09   2.99207   2.41287   3.70452   2.27256  -1.94982  -2.31360  -2.58144 0.14317E+02   0.21111
  0.31381730E+09   2.99205   2.41501   3.70480   2.27153  -1.96397  -2.32807  -2.59589 0.14375E+02   0.20897
  0.31389775E+09   2.99204   2.41718   3.70503   2.27027  -1.97860  -2.34306  -2.61087 0.14438E+02   0.20678
  0.31397789E+09   2.99203   2.41945   3.70542   2.26955  -1.99300  -2.35783  -2.62564 0.14492E+02   0.20467
  0.31405774E+09   2.99202   2.42169   3.70570   2.26846  -2.00804  -2.37331  -2.64113 0.14553E+02   0.20249
  0.31413727E+09   2.99201   2.42402   3.70611   2.26777  -2.02298  -2.38871  -2.65655 0.14607E+02   0.20036
  0.31421645E+09   2.99199   2.42626   3.70630   2.26628  -2.03893  -2.40520  -2.67309 0.14676E+02   0.19812
  0.31429530E+09   2.99198   2.42865   3.70679   2.26584  -2.05408  -2.42089  -2.68884 0.14727E+02   0.19603
  0.31437384E+09   2.99197   2.43094   3.70701   2.26442  -2.07050  -2.43795  -2.70599 0.14795E+02   0.19379
  0.31445205E+09   2.99196   2.43335   3.70749   2.26392  -2.08620  -2.45430  -2.72243 0.14848E+02   0.19170
  0.31452991E+09   2.99195   2.43569   3.70775   2.26265  -2.10296  -2.47179  -2.74005 0.14913E+02   0.18950
  0.31460743E+09   2.99193   2.43808   3.70819   2.26200  -2.11925  -2.48885  -2.75725 0.14969E+02   0.18740
  0.31468464E+09   2.99192   2.44047   3.70864   2.26141  -2.13570  -2.50612  -2.77468 0.15024E+02   0.18532
  0.31476153E+09   2.99191   2.44281   3.70893   2.26022  -2.15299  -2.52432  -2.79308 0.15089E+02   0.18317
  0.31483809E+09   2.99190   2.44519   3.70937   2.25959  -2.16978  -2.54205  -2.81103 0.15145E+02   0.18112
  0.31491434E+09   2.99189   2.44755   3.70976   2.25880  -2.18697  -2.56025  -2.82948 0.15203E+02   0.17907
  0.31499031E+09   2.99187   2.44985   3.71005   2.25764  -2.20468  -2.57907  -2.84858 0.15268E+02   0.17698
  0.31506599E+09   2.99186   2.45220   3.71053   2.25724  -2.22158  -2.59708  -2.86689 0.15319E+02   0.17504
  0.31514139E+09   2.99185   2.45449   3.71088   2.25635  -2.23919  -2.61592  -2.88608 0.15378E+02   0.17305
  0.31521650E+09   2.99184   2.45679   3.71130   2.25572  -2.25658  -2.63458  -2.90512 0.15434E+02   0.17113
  0.31529136E+09   2.99183   2.45903   3.71177   2.25535  -2.27364  -2.65296  -2.92389 0.15484E+02   0.16928
  0.31536597E+09   2.99181   2.46123   3.71218   2.25478  -2.29092  -2.67165  -2.94302 0.15537E+02   0.16744
  0.31544038E+09   2.99180   2.46337   3.71258   2.25427  -2.30800  -2.69018  -2.96203 0.15588E+02   0.16567
  0.31551458E+09   2.99179   2.46551   3.71304   2.25393  -2.32479  -2.70847  -2.98081 0.15636E+02   0.16395
  0.31558861E+09   2.99178   2.46762   3.71336   2.25311  -2.34228  -2.72758  -3.00048 0.15693E+02   0.16219
  0.31566245E+09   2.99176   2.46970   3.71378   2.25270  -2.35917  -2.74612  -3.01960 0.15741E+02   0.16054
  0.31573612E+09   2.99175   2.47163   3.71417   2.25235  -2.37559  -2.76423  -3.03833 0.15787E+02   0.15896
  0.31580964E+09   2.99174   2.47355   3.71456   2.25198  -2.39170  -2.78206  -3.05679 0.15832E+02   0.15744
  0.31588306E+09   2.99173   2.47549   3.71509   2.25215  -2.40691  -2.79896  -3.07434 0.15868E+02   0.15603
  0.31595638E+09   2.99171   2.47738   3.71529   2.25107  -2.42409  -2.81811  -3.09426 0.15926E+02   0.15446
  0.31602962E+09   2.99170   2.47789   3.71551   2.25145  -2.43467  -2.83008  -3.10679 0.15946E+02   0.15355
  0.31610272E+09   2.99169   2.47885   3.71589   2.25201  -2.44222  -2.83860  -3.11569 0.15959E+02   0.15289
  0.31617565E+09   2.99168   2.48037   3.71605   2.25111  -2.45271  -2.85031  -3.12790 0.16001E+02   0.15194
  0.31624853E+09   2.99166   2.48214   3.71642   2.25083  -2.46399  -2.86298  -3.14112 0.16035E+02   0.15095
  0.31632139E+09   2.99165   2.48391   3.71674   2.25033  -2.47702  -2.87767  -3.15651 0.16076E+02   0.14982
  0.31639423E+09   2.99164   2.48561   3.71712   2.25017  -2.49031  -2.89275  -3.17234 0.16111E+02   0.14870
  0.31646704E+09   2.99163   2.48723   3.71742   2.24975  -2.50424  -2.90861  -3.18904 0.16151E+02   0.14754
  0.31653980E+09   2.99161   2.48879   3.71786   2.24994  -2.51709  -2.92334  -3.20457 0.16179E+02   0.14649
  0.31661246E+09   2.99160   2.49027   3.71813   2.24950  -2.53075  -2.93904  -3.22118 0.16218E+02   0.14539
  0.31668497E+09   2.99159   2.49170   3.71847   2.24947  -2.54336  -2.95358  -3.23660 0.16248E+02   0.14440
  0.31675725E+09   2.99157   2.49307   3.71880   2.24941  -2.55553  -2.96769  -3.25161 0.16278E+02   0.14345
  0.31682927E+09   2.99156   2.49437   3.71916   2.24953  -2.56691  -2.98094  -3.26572 0.16303E+02   0.14258
  0.31690095E+09   2.99155   2.49562   3.71943   2.24935  -2.57828  -2.99421  -3.27989 0.16333E+02   0.14171
  0.31697220E+09   2.99154   2.49681   3.71972   2.24933  -2.58883  -3.00656  -3.29311 0.16358E+02   0.14092
  0.31704296E+09   2.99152   2.49794   3.72001   2.24936  -2.59873  -3.01821  -3.30560 0.16381E+02   0.14019
  0.31711316E+09   2.99151   2.49901   3.72028   2.24937  -2.60808  -3.02923  -3.31744 0.16404E+02   0.13950
  0.31718273E+09   2.99150   2.50003   3.72059   2.24959  -2.61649  -3.03919  -3.32817 0.16421E+02   0.13889
  0.31725164E+09   2.99149   2.50099   3.72078   2.24940  -2.62512  -3.04942  -3.33920 0.16445E+02   0.13827
  0.31731984E+09   2.99147   2.50190   3.72104   2.24950  -2.63265  -3.05838  -3.34888 0.16462E+02   0.13773
  0.31738733E+09   2.99146   2.50276   3.72130   2.24968  -2.63947  -3.06651  -3.35768 0.16477E+02   0.13725
  0.31745412E+09   2.99145   2.50358   3.72144   2.24944  -2.64658  -3.07500  -3.36687 0.16498E+02   0.13674
  0.31752022E+09   2.99144   2.50434   3.72161   2.24935  -2.65293  -3.08258  -3.37509 0.16516E+02   0.13630
  0.31758564E+09   2.99142   2.50507   3.72179   2.24935  -2.65861  -3.08939  -3.38250 0.16531E+02   0.13590
  0.31765043E+09   2.99141   2.50575   3.72194   2.24925  -2.66404  -3.09590  -3.38958 0.16547E+02   0.13552
  0.31771461E+09   2.99140   2.50641   3.72209   2.24922  -2.66892  -3.10176  -3.39595 0.16561E+02   0.13518
  0.31777821E+09   2.99139   2.50702   3.72222   2.24911  -2.67354  -3.10732  -3.40202 0.16575E+02   0.13486
  0.31784126E+09   2.99138   2.50760   3.72235   2.24905  -2.67766  -3.11228  -3.40741 0.16588E+02   0.13457
  0.31790376E+09   2.99137   2.50815   3.72250   2.24910  -2.68120  -3.11655  -3.41208 0.16598E+02   0.13433
  0.31796574E+09   2.99135   2.50868   3.72256   2.24882  -2.68506  -3.12118  -3.41713 0.16613E+02   0.13406
  0.31802721E+09   2.99134   2.50917   3.72270   2.24886  -2.68792  -3.12463  -3.42090 0.16622E+02   0.13386
  0.31808822E+09   2.99133   2.50964   3.72274   2.24855  -2.69120  -3.12857  -3.42519 0.16637E+02   0.13363
  0.31814877E+09   2.99132   2.51008   3.72285   2.24855  -2.69353  -3.13137  -3.42825 0.16645E+02   0.13347
  0.31820888E+09   2.99131   2.51049   3.72292   2.24843  -2.69582  -3.13411  -3.43123 0.16655E+02   0.13331
  0.31826857E+09   2.99130   2.51090   3.72297   2.24819  -2.69812  -3.13686  -3.43423 0.16667E+02   0.13314
  0.31832788E+09   2.99129   2.51087   3.72297   2.24825  -2.69827  -3.13705  -3.43444 0.16669E+02   0.13314
  0.31838683E+09   2.99128   2.51094   3.72291   2.24791  -2.69790  -3.13655  -3.43386 0.16678E+02   0.13315
  0.31844547E+09   2.99126   2.51122   3.72285   2.24741  -2.69780  -3.13630  -3.43353 0.16690E+02   0.13313
  0.31850387E+09   2.99125   2.51160   3.72288   2.24713  -2.69781  -3.13621  -3.43337 0.16700E+02   0.13311
  0.31856208E+09   2.99124   2.51199   3.72282   2.24652  -2.69904  -3.13758  -3.43482 0.16716E+02   0.13300
  0.31862012E+09   2.99123   2.51236   3.72288   2.24638  -2.69969  -3.13830  -3.43558 0.16723E+02   0.13294
  0.31867804E+09   2.99122   2.51272   3.72288   2.24603  -2.70092  -3.13973  -3.43710 0.16735E+02   0.13284
  0.31873588E+09   2.99121   2.51305   3.72294   2.24590  -2.70174  -3.14065  -3.43809 0.16743E+02   0.13278
  0.31879366E+09   2.99120   2.51337   3.72289   2.24542  -2.70325  -3.14241  -3.43998 0.16757E+02   0.13266
  0.31885136E+09   2.99119   2.51368   3.72295   2.24535  -2.70385  -3.14309  -3.44070 0.16763E+02   0.13261
  0.31890901E+09   2.99118   2.51399   3.72295   2.24502  -2.70486  -3.14425  -3.44194 0.16774E+02   0.13253
  0.31897819E+09   2.99116   2.51433   3.72300   2.24488  -2.70546  -3.14492  -3.44263 0.16782E+02   0.13247
  0.31906120E+09   2.99115   2.51472   3.72303   2.24463  -2.70608  -3.14557  -3.44330 0.16793E+02   0.13241
  0.31913056E+09   2.99114   2.51504   3.72299   2.24414  -2.70700  -3.14659  -3.44437 0.16807E+02   0.13233
  0.31919398E+09   2.99112   2.51521   3.72299   2.24397  -2.70679  -3.14628  -3.44400 0.16813E+02   0.13233
  0.31925465E+09   2.99111   2.51541   3.72295   2.24359  -2.70667  -3.14604  -3.44369 0.16823E+02   0.13232
  0.31931402E+09   2.99110   2.51565   3.72288   2.24306  -2.70683  -3.14613  -3.44374 0.16836E+02   0.13229
  0.31937278E+09   2.99109   2.51364   3.72248   2.24348  -2.69806  -3.13565  -3.43235 0.16813E+02   0.13292
  0.31943114E+09   2.99108   2.51222   3.72217   2.24367  -2.68373  -3.11822  -3.41323 0.16790E+02   0.13386
  0.31948921E+09   2.99107   2.51194   3.72172   2.24212  -2.67329  -3.10526  -3.39890 0.16803E+02   0.13450
  0.31955890E+09   2.99105   2.51235   3.72148   2.24078  -2.66497  -3.09485  -3.38737 0.16818E+02   0.13498
  0.31964252E+09   2.99104   2.51299   3.72130   2.23939  -2.66091  -3.08962  -3.38150 0.16841E+02   0.13519
  0.31971241E+09   2.99103   2.51349   3.72114   2.23824  -2.66033  -3.08870  -3.38040 0.16865E+02   0.13518
  0.31977638E+09   2.99101   2.51391   3.72116   2.23793  -2.65972  -3.08786  -3.37942 0.16873E+02   0.13519
  0.31983764E+09   2.99100   2.51427   3.72109   2.23729  -2.66051  -3.08867  -3.38025 0.16889E+02   0.13511
  0.31989761E+09   2.99099   2.51461   3.72119   2.23734  -2.66033  -3.08840  -3.37992 0.16892E+02   0.13511
  0.31995699E+09   2.99098   2.51494   3.72111   2.23668  -2.66169  -3.08993  -3.38153 0.16910E+02   0.13499
  0.32001610E+09   2.99097   2.51526   3.72117   2.23661  -2.66204  -3.09029  -3.38189 0.16915E+02   0.13496
  0.32007512E+09   2.99096   2.51558   3.72108   2.23592  -2.66364  -3.09210  -3.38381 0.16933E+02   0.13482
  0.32014594E+09   2.99094   2.51596   3.72120   2.23601  -2.66383  -3.09228  -3.38398 0.16937E+02   0.13480
  0.32023093E+09   2.99093   2.51640   3.72122   2.23565  -2.66493  -3.09349  -3.38524 0.16951E+02   0.13470
  0.32030186E+09   2.99091   2.51678   3.72120   2.23520  -2.66612  -3.09482  -3.38664 0.16965E+02   0.13460
  0.32036673E+09   2.99090   2.51713   3.72119   2.23482  -2.66720  -3.09603  -3.38792 0.16978E+02   0.13451
  0.32042880E+09   2.99089   2.51747   3.72122   2.23458  -2.66804  -3.09697  -3.38890 0.16988E+02   0.13443
  0.32048957E+09   2.99088   2.51781   3.72120   2.23415  -2.66925  -3.09834  -3.39035 0.17001E+02   0.13433
  0.32054973E+09   2.99087   2.51814   3.72127   2.23410  -2.66977  -3.09891  -3.39094 0.17007E+02   0.13428
  0.32060963E+09   2.99085   2.51847   3.72118   2.23342  -2.67153  -3.10092  -3.39307 0.17025E+02   0.13414
  0.32066944E+09   2.99084   2.51880   3.72129   2.23352  -2.67179  -3.10118  -3.39334 0.17028E+02   0.13412
  0.32074121E+09   2.99083   2.51920   3.72131   2.23320  -2.67298  -3.10253  -3.39476 0.17041E+02   0.13402
  0.32082734E+09   2.99081   2.51966   3.72136   2.23293  -2.67410  -3.10378  -3.39607 0.17053E+02   0.13392
  0.32089920E+09   2.99080   2.52006   3.72133   2.23243  -2.67561  -3.10550  -3.39790 0.17069E+02   0.13380
  0.32096490E+09   2.99079   2.52042   3.72134   2.23209  -2.67676  -3.10680  -3.39928 0.17081E+02   0.13370
  0.32102777E+09   2.99077   2.52078   3.72135   2.23178  -2.67788  -3.10807  -3.40061 0.17093E+02   0.13361
  0.32108934E+09   2.99076   2.52113   3.72136   2.23148  -2.67902  -3.10936  -3.40198 0.17104E+02   0.13351
  0.32115030E+09   2.99075   2.52148   3.72139   2.23122  -2.68010  -3.11060  -3.40330 0.17115E+02   0.13343
  0.32121098E+09   2.99074   2.52183   3.72140   2.23092  -2.68128  -3.11194  -3.40472 0.17126E+02   0.13333
  0.32127156E+09   2.99073   2.52218   3.72143   2.23069  -2.68235  -3.11315  -3.40600 0.17137E+02   0.13324
  0.32134427E+09   2.99071   2.52259   3.72146   2.23041  -2.68362  -3.11460  -3.40753 0.17149E+02   0.13314
  0.32143151E+09   2.99069   2.52307   3.72155   2.23025  -2.68473  -3.11585  -3.40885 0.17159E+02   0.13305
  0.32150429E+09   2.99068   2.52348   3.72151   2.22969  -2.68652  -3.11792  -3.41106 0.17177E+02   0.13290
  0.32157080E+09   2.99067   2.52387   3.72153   2.22941  -2.68772  -3.11927  -3.41250 0.17189E+02   0.13281
  0.32163444E+09   2.99065   2.52424   3.72153   2.22900  -2.68917  -3.12094  -3.41427 0.17203E+02   0.13269
  0.32169674E+09   2.99064   2.52460   3.72159   2.22888  -2.69009  -3.12200  -3.41539 0.17211E+02   0.13262
  0.32175839E+09   2.99063   2.52496   3.72154   2.22833  -2.69186  -3.12404  -3.41758 0.17228E+02   0.13248
  0.32181976E+09   2.99062   2.52532   3.72163   2.22835  -2.69253  -3.12479  -3.41837 0.17233E+02   0.13242
  0.32188100E+09   2.99061   2.52568   3.72165   2.22805  -2.69386  -3.12632  -3.42000 0.17245E+02   0.13232
  0.32194221E+09   2.99059   2.52604   3.72161   2.22755  -2.69555  -3.12828  -3.42210 0.17261E+02   0.13219
  0.32201567E+09   2.99058   2.52646   3.72173   2.22758  -2.69635  -3.12918  -3.42304 0.17267E+02   0.13212
  0.32210382E+09   2.99056   2.52695   3.72177   2.22724  -2.69795  -3.13101  -3.42499 0.17282E+02   0.13199
  0.32217741E+09   2.99055   2.52737   3.72176   2.22678  -2.69963  -3.13295  -3.42706 0.17298E+02   0.13186
  0.32224468E+09   2.99053   2.52776   3.72176   2.22640  -2.70111  -3.13465  -3.42889 0.17313E+02   0.13175
  0.32230902E+09   2.99052   2.52814   3.72180   2.22618  -2.70223  -3.13593  -3.43025 0.17323E+02   0.13166
  0.32237194E+09   2.99051   2.52850   3.72178   2.22575  -2.70378  -3.13773  -3.43217 0.17337E+02   0.13154
  0.32243419E+09   2.99050   2.52887   3.72187   2.22572  -2.70456  -3.13861  -3.43311 0.17344E+02   0.13147
  0.32249611E+09   2.99048   2.52923   3.72187   2.22538  -2.70594  -3.14022  -3.43483 0.17357E+02   0.13137
  0.32255789E+09   2.99047   2.52959   3.72184   2.22487  -2.70768  -3.14223  -3.43699 0.17373E+02   0.13123
  0.32261963E+09   2.99046   2.52995   3.72190   2.22477  -2.70860  -3.14328  -3.43811 0.17381E+02   0.13116
  0.32269371E+09   2.99044   2.53037   3.72194   2.22452  -2.70993  -3.14481  -3.43974 0.17393E+02   0.13106
  0.32278261E+09   2.99043   2.53086   3.72204   2.22439  -2.71105  -3.14609  -3.44108 0.17404E+02   0.13096
  0.32285672E+09   2.99041   2.53127   3.72199   2.22380  -2.71293  -3.14827  -3.44342 0.17423E+02   0.13082
  0.32292442E+09   2.99040   2.53166   3.72203   2.22356  -2.71405  -3.14955  -3.44479 0.17434E+02   0.13073
  0.32298915E+09   2.99038   2.53203   3.72202   2.22314  -2.71553  -3.15126  -3.44662 0.17449E+02   0.13061
  0.32305249E+09   2.99037   2.53238   3.72207   2.22299  -2.71645  -3.15231  -3.44774 0.17458E+02   0.13054
  0.32311516E+09   2.99036   2.53275   3.72210   2.22274  -2.71756  -3.15359  -3.44910 0.17469E+02   0.13045
  0.32317751E+09   2.99035   2.53309   3.72212   2.22248  -2.71868  -3.15488  -3.45049 0.17480E+02   0.13036
  0.32323973E+09   2.99033   2.53345   3.72213   2.22217  -2.71993  -3.15631  -3.45202 0.17493E+02   0.13027
  0.32330188E+09   2.99032   2.53379   3.72212   2.22176  -2.72131  -3.15791  -3.45373 0.17506E+02   0.13016
  0.32336401E+09   2.99031   2.53415   3.72215   2.22154  -2.72234  -3.15909  -3.45499 0.17517E+02   0.13008
  0.32342614E+09   2.99030   2.53448   3.72217   2.22127  -2.72341  -3.16032  -3.45631 0.17528E+02   0.12999
  0.32350069E+09   2.99028   2.53489   3.72220   2.22101  -2.72452  -3.16159  -3.45765 0.17540E+02   0.12990
  0.32359014E+09   2.99026   2.53536   3.72228   2.22084  -2.72546  -3.16264  -3.45875 0.17552E+02   0.12982
  0.32366478E+09   2.99025   2.53577   3.72224   2.22026  -2.72713  -3.16455  -3.46080 0.17571E+02   0.12969
  0.32373298E+09   2.99023   2.53571   3.72226   2.22040  -2.72555  -3.16262  -3.45867 0.17567E+02   0.12979
  0.32379816E+09   2.99022   2.53583   3.72209   2.21958  -2.72505  -3.16187  -3.45779 0.17585E+02   0.12980
  0.32386186E+09   2.99021   2.53617   3.72209   2.21927  -2.72405  -3.16054  -3.45626 0.17594E+02   0.12984
  0.32392486E+09   2.99019   2.53658   3.72206   2.21874  -2.72441  -3.16083  -3.45651 0.17609E+02   0.12979
  0.32398754E+09   2.99018   2.53698   3.72201   2.21814  -2.72560  -3.16217  -3.45792 0.17627E+02   0.12968
  0.32405008E+09   2.99017   2.53738   3.72211   2.21812  -2.72606  -3.16264  -3.45840 0.17633E+02   0.12964
  0.32411259E+09   2.99016   2.53775   3.72210   2.21771  -2.72751  -3.16433  -3.46021 0.17648E+02   0.12953
  0.32417509E+09   2.99014   2.53812   3.72209   2.21729  -2.72908  -3.16615  -3.46217 0.17663E+02   0.12941
  0.32425009E+09   2.99013   2.53855   3.72218   2.21721  -2.73009  -3.16731  -3.46340 0.17673E+02   0.12933
  0.32434009E+09   2.99011   2.53905   3.72224   2.21696  -2.73153  -3.16896  -3.46516 0.17687E+02   0.12922
  0.32441516E+09   2.99009   2.53947   3.72222   2.21646  -2.73328  -3.17100  -3.46736 0.17705E+02   0.12908
  0.32448376E+09   2.99008   2.53985   3.72223   2.21613  -2.73462  -3.17255  -3.46903 0.17718E+02   0.12898
  0.32454934E+09   2.99007   2.54023   3.72224   2.21580  -2.73594  -3.17408  -3.47067 0.17732E+02   0.12888
  0.32461347E+09   2.99005   2.54059   3.72228   2.21558  -2.73701  -3.17532  -3.47200 0.17743E+02   0.12880
  0.32467693E+09   2.99004   2.54094   3.72227   2.21519  -2.73843  -3.17697  -3.47377 0.17757E+02   0.12869
  0.32474006E+09   2.99003   2.54129   3.72234   2.21512  -2.73918  -3.17781  -3.47466 0.17765E+02   0.12863
  0.32480304E+09   2.99001   2.54164   3.72231   2.21466  -2.74068  -3.17956  -3.47655 0.17781E+02   0.12852
  0.32486597E+09   2.99000   2.54199   3.72238   2.21457  -2.74142  -3.18041  -3.47745 0.17789E+02   0.12846
  0.32494150E+09   2.98998   2.54239   3.72241   2.21428  -2.74264  -3.18181  -3.47894 0.17803E+02   0.12836
  0.32503212E+09   2.98997   2.54271   3.72249   2.21431  -2.74233  -3.18134  -3.47836 0.17807E+02   0.12836
  0.32510767E+09   2.98995   2.54305   3.72234   2.21336  -2.74385  -3.18307  -3.48022 0.17833E+02   0.12824
  0.32517667E+09   2.98994   2.54341   3.72235   2.21302  -2.74433  -3.18355  -3.48070 0.17845E+02   0.12819
  0.32524264E+09   2.98992   2.54377   3.72237   2.21274  -2.74495  -3.18422  -3.48139 0.17857E+02   0.12813
  0.32530718E+09   2.98991   2.54249   3.72191   2.21219  -2.73980  -3.17798  -3.47454 0.17852E+02   0.12847
  0.32537093E+09   2.98989   2.54190   3.72184   2.21249  -2.72922  -3.16497  -3.46019 0.17834E+02   0.12913
  0.32543422E+09   2.98988   2.54211   3.72150   2.21090  -2.72416  -3.15847  -3.45290 0.17860E+02   0.12938
  0.32549731E+09   2.98987   2.54261   3.72149   2.21036  -2.72037  -3.15361  -3.44745 0.17869E+02   0.12958
  0.32556037E+09   2.98986   2.54312   3.72130   2.20912  -2.72058  -3.15363  -3.44736 0.17897E+02   0.12951
  0.32563604E+09   2.98984   2.54365   3.72138   2.20890  -2.72033  -3.15319  -3.44680 0.17908E+02   0.12950
  0.32572684E+09   2.98982   2.54421   3.72140   2.20842  -2.72160  -3.15458  -3.44825 0.17926E+02   0.12939
  0.32580259E+09   2.98980   2.54466   3.72139   2.20791  -2.72323  -3.15646  -3.45025 0.17945E+02   0.12926
  0.32587185E+09   2.98979   2.54507   3.72140   2.20756  -2.72466  -3.15809  -3.45199 0.17960E+02   0.12915
  0.32593811E+09   2.98978   2.54546   3.72142   2.20724  -2.72604  -3.15968  -3.45369 0.17973E+02   0.12905
  0.32600294E+09   2.98976   2.54583   3.72145   2.20697  -2.72735  -3.16120  -3.45531 0.17986E+02   0.12895
  0.32606708E+09   2.98975   2.54620   3.72147   2.20668  -2.72868  -3.16274  -3.45696 0.17999E+02   0.12884
  0.32613089E+09   2.98973   2.54657   3.72150   2.20643  -2.72994  -3.16420  -3.45853 0.18011E+02   0.12875
  0.32619455E+09   2.98972   2.54693   3.72152   2.20614  -2.73127  -3.16573  -3.46017 0.18024E+02   0.12865
  0.32625814E+09   2.98971   2.54729   3.72155   2.20592  -2.73242  -3.16707  -3.46160 0.18036E+02   0.12856
  0.32632171E+09   2.98969   2.54764   3.72155   2.20556  -2.73384  -3.16869  -3.46334 0.18050E+02   0.12845
  0.32638527E+09   2.98968   2.54800   3.72162   2.20546  -2.73470  -3.16968  -3.46439 0.18059E+02   0.12838
  0.32646155E+09   2.98966   2.54841   3.72165   2.20519  -2.73598  -3.17116  -3.46596 0.18073E+02   0.12828
  0.32655309E+09   2.98964   2.54889   3.72170   2.20492  -2.73725  -3.17258  -3.46747 0.18088E+02   0.12818
  0.32662946E+09   2.98963   2.54929   3.72168   2.20440  -2.73882  -3.17439  -3.46941 0.18107E+02   0.12806
  0.32669925E+09   2.98961   2.54967   3.72169   2.20406  -2.73998  -3.17572  -3.47082 0.18121E+02   0.12797
  0.32676596E+09   2.98960   2.55003   3.72170   2.20374  -2.74107  -3.17697  -3.47216 0.18134E+02   0.12788
  0.32683122E+09   2.98958   2.55038   3.72171   2.20344  -2.74212  -3.17817  -3.47343 0.18148E+02   0.12780
  0.32689578E+09   2.98957   2.55072   3.72172   2.20315  -2.74312  -3.17930  -3.47463 0.18160E+02   0.12772
  0.32696002E+09   2.98956   2.55106   3.72174   2.20289  -2.74406  -3.18038  -3.47577 0.18172E+02   0.12764
  0.32702412E+09   2.98954   2.55140   3.72174   2.20255  -2.74511  -3.18157  -3.47704 0.18186E+02   0.12756
  0.32708817E+09   2.98953   2.55173   3.72177   2.20234  -2.74590  -3.18246  -3.47798 0.18197E+02   0.12749
  0.32715221E+09   2.98952   2.55206   3.72176   2.20195  -2.74701  -3.18372  -3.47933 0.18212E+02   0.12741
  0.32722906E+09   2.98950   2.55245   3.72182   2.20180  -2.74762  -3.18438  -3.48001 0.18223E+02   0.12735
  0.32732127E+09   2.98948   2.55290   3.72187   2.20153  -2.74838  -3.18519  -3.48083 0.18237E+02   0.12728
  0.32739819E+09   2.98946   2.55328   3.72182   2.20098  -2.74962  -3.18660  -3.48234 0.18256E+02   0.12718
  0.32746851E+09   2.98945   2.55363   3.72182   2.20061  -2.75044  -3.18752  -3.48330 0.18271E+02   0.12711
  0.32753577E+09   2.98943   2.55396   3.72182   2.20027  -2.75122  -3.18838  -3.48420 0.18285E+02   0.12704
  0.32760153E+09   2.98942   2.55429   3.72182   2.19996  -2.75190  -3.18912  -3.48498 0.18297E+02   0.12698
  0.32766660E+09   2.98940   2.55460   3.72182   2.19962  -2.75265  -3.18995  -3.48585 0.18311E+02   0.12692
  0.32773136E+09   2.98939   2.55492   3.72189   2.19959  -2.75273  -3.18997  -3.48583 0.18317E+02   0.12690
  0.32779599E+09   2.98938   2.55524   3.72183   2.19903  -2.75387  -3.19126  -3.48720 0.18335E+02   0.12681
  0.32786055E+09   2.98936   2.55555   3.72182   2.19867  -2.75458  -3.19204  -3.48802 0.18349E+02   0.12674
  0.32793803E+09   2.98934   2.55591   3.72185   2.19844  -2.75497  -3.19242  -3.48837 0.18361E+02   0.12670
  0.32803100E+09   2.98932   2.55633   3.72189   2.19818  -2.75522  -3.19261  -3.48853 0.18375E+02   0.12666
  0.32810858E+09   2.98931   2.55669   3.72183   2.19758  -2.75617  -3.19365  -3.48961 0.18395E+02   0.12658
  0.32817947E+09   2.98929   2.55702   3.72182   2.19721  -2.75665  -3.19415  -3.49011 0.18409E+02   0.12653
  0.32824725E+09   2.98928   2.55733   3.72180   2.19679  -2.75725  -3.19478  -3.49076 0.18424E+02   0.12647
  0.32831355E+09   2.98926   2.55765   3.72183   2.19659  -2.75743  -3.19491  -3.49086 0.18434E+02   0.12644
  0.32837912E+09   2.98925   2.55795   3.72177   2.19607  -2.75826  -3.19582  -3.49181 0.18451E+02   0.12637
  0.32844434E+09   2.98923   2.55825   3.72181   2.19592  -2.75833  -3.19583  -3.49178 0.18461E+02   0.12635
  0.32850942E+09   2.98922   2.55853   3.72182   2.19567  -2.75842  -3.19585  -3.49174 0.18465E+02   0.12633
  0.32857446E+09   2.98920   2.55879   3.72177   2.19522  -2.75881  -3.19623  -3.49213 0.18480E+02   0.12628
  0.32863947E+09   2.98919   2.55909   3.72173   2.19474  -2.75925  -3.19666  -3.49254 0.18495E+02   0.12624
  0.32870448E+09   2.98918   2.55939   3.72175   2.19452  -2.75927  -3.19659  -3.49243 0.18505E+02   0.12622
  0.32878248E+09   2.98916   2.55974   3.72175   2.19420  -2.75942  -3.19667  -3.49245 0.18519E+02   0.12619
  0.32887609E+09   2.98914   2.56013   3.72176   2.19382  -2.75944  -3.19657  -3.49228 0.18535E+02   0.12616
  0.32895420E+09   2.98912   2.56046   3.72169   2.19323  -2.75994  -3.19705  -3.49274 0.18555E+02   0.12610
  0.32902559E+09   2.98910   2.56076   3.72166   2.19281  -2.76015  -3.19721  -3.49286 0.18570E+02   0.12607
  0.32909387E+09   2.98909   2.56105   3.72164   2.19243  -2.76029  -3.19727  -3.49288 0.18585E+02   0.12604
  0.32916067E+09   2.98907   2.56134   3.72162   2.19206  -2.76043  -3.19734  -3.49290 0.18599E+02   0.12601
  0.32922678E+09   2.98906   2.56162   3.72160   2.19170  -2.76055  -3.19738  -3.49291 0.18612E+02   0.12598
  0.32929258E+09   2.98904   2.56196   3.72161   2.19137  -2.76084  -3.19764  -3.49314 0.18622E+02   0.12595
  0.32935822E+09   2.98903   2.56226   3.72157   2.19091  -2.76149  -3.19833  -3.49384 0.18638E+02   0.12589
  0.32942381E+09   2.98901   2.56254   3.72156   2.19061  -2.76174  -3.19854  -3.49404 0.18650E+02   0.12585
  0.32950252E+09   2.98900   2.56287   3.72159   2.19039  -2.76162  -3.19831  -3.49373 0.18662E+02   0.12584
  0.32959697E+09   2.98898   2.56276   3.72118   2.18884  -2.76085  -3.19717  -3.49239 0.18682E+02   0.12585
  0.32967573E+09   2.98896   2.56293   3.72141   2.18961  -2.75553  -3.19061  -3.48513 0.18667E+02   0.12617
  0.32974764E+09   2.98894   2.56326   3.72122   2.18852  -2.75516  -3.18996  -3.48432 0.18694E+02   0.12615
  0.32981638E+09   2.98893   2.56359   3.72119   2.18807  -2.75446  -3.18897  -3.48316 0.18709E+02   0.12617
  0.32988363E+09   2.98891   2.56389   3.72113   2.18749  -2.75452  -3.18892  -3.48304 0.18727E+02   0.12614
  0.32995018E+09   2.98890   2.56418   3.72115   2.18732  -2.75396  -3.18814  -3.48214 0.18736E+02   0.12615
  0.33001640E+09   2.98888   2.56445   3.72109   2.18680  -2.75416  -3.18827  -3.48223 0.18753E+02   0.12612
  0.33008248E+09   2.98887   2.56471   3.72107   2.18644  -2.75404  -3.18802  -3.48190 0.18767E+02   0.12611
  0.33014851E+09   2.98885   2.56498   3.72104   2.18607  -2.75394  -3.18781  -3.48162 0.18781E+02   0.12609
  0.33022774E+09   2.98883   2.56528   3.72103   2.18571  -2.75357  -3.18723  -3.48093 0.18796E+02   0.12609
  0.33032282E+09   2.98881   2.56563   3.72104   2.18540  -2.75269  -3.18604  -3.47955 0.18810E+02   0.12612
  0.33040214E+09   2.98879   2.56592   3.72094   2.18472  -2.75277  -3.18600  -3.47945 0.18832E+02   0.12609
  0.33047463E+09   2.98878   2.56619   3.72091   2.18430  -2.75240  -3.18544  -3.47878 0.18847E+02   0.12609
  0.33054398E+09   2.98876   2.56645   3.72088   2.18394  -2.75194  -3.18478  -3.47800 0.18861E+02   0.12610
  0.33061184E+09   2.98875   2.56670   3.72081   2.18340  -2.75187  -3.18458  -3.47772 0.18878E+02   0.12608
  0.33067901E+09   2.98873   2.56694   3.72080   2.18313  -2.75122  -3.18370  -3.47671 0.18890E+02   0.12610
  0.33074587E+09   2.98872   2.56718   3.72071   2.18252  -2.75119  -3.18354  -3.47648 0.18909E+02   0.12608
  0.33081258E+09   2.98870   2.56742   3.72070   2.18224  -2.75049  -3.18259  -3.47539 0.18920E+02   0.12610
  0.33087927E+09   2.98868   2.56766   3.72068   2.18193  -2.74984  -3.18170  -3.47437 0.18932E+02   0.12612
  0.33095930E+09   2.98867   2.56793   3.72063   2.18144  -2.74920  -3.18081  -3.47333 0.18949E+02   0.12614
  0.33105533E+09   2.98864   2.56824   3.72063   2.18113  -2.74769  -3.17884  -3.47110 0.18964E+02   0.12620
  0.33113549E+09   2.98863   2.56851   3.72052   2.18042  -2.74735  -3.17829  -3.47044 0.18985E+02   0.12619
  0.33120878E+09   2.98861   2.56876   3.72055   2.18026  -2.74605  -3.17662  -3.46856 0.18994E+02   0.12626
  0.33127886E+09   2.98859   2.56931   3.72053   2.17964  -2.74710  -3.17772  -3.46967 0.19004E+02   0.12616
  0.33134744E+09   2.98858   2.56964   3.72048   2.17911  -2.74842  -3.17923  -3.47129 0.19023E+02   0.12606
  0.33141532E+09   2.98856   2.56988   3.72043   2.17868  -2.74903  -3.17988  -3.47197 0.19039E+02   0.12600
  0.33148286E+09   2.98855   2.57008   3.72042   2.17844  -2.74875  -3.17946  -3.47147 0.19051E+02   0.12600
  0.33155025E+09   2.98853   2.57038   3.72041   2.17810  -2.74866  -3.17926  -3.47120 0.19062E+02   0.12599
  0.33161760E+09   2.98851   2.57062   3.72037   2.17768  -2.74864  -3.17914  -3.47102 0.19077E+02   0.12597
  0.33169842E+09   2.98850   2.57090   3.72041   2.17754  -2.74764  -3.17784  -3.46954 0.19087E+02   0.12601
  0.33179540E+09   2.98847   2.57120   3.72037   2.17710  -2.74662  -3.17647  -3.46797 0.19104E+02   0.12605
  0.33187634E+09   2.98845   2.57045   3.72018   2.17710  -2.73901  -3.16726  -3.45793 0.19057E+02   0.12653
  0.33195016E+09   2.98844   2.57035   3.71975   2.17546  -2.73398  -3.16093  -3.45092 0.19085E+02   0.12679
  0.33202049E+09   2.98842   2.57068   3.71965   2.17474  -2.72971  -3.15557  -3.44498 0.19099E+02   0.12701
  0.33208910E+09   2.98840   2.57104   3.71950   2.17377  -2.72820  -3.15356  -3.44270 0.19124E+02   0.12707
  0.33215689E+09   2.98839   2.57135   3.71945   2.17328  -2.72697  -3.15195  -3.44089 0.19140E+02   0.12712
  0.33222432E+09   2.98837   2.57161   3.71937   2.17268  -2.72645  -3.15120  -3.44001 0.19159E+02   0.12712
  0.33229159E+09   2.98836   2.57185   3.71939   2.17251  -2.72529  -3.14973  -3.43837 0.19168E+02   0.12718
  0.33237230E+09   2.98834   2.57212   3.71932   2.17197  -2.72455  -3.14871  -3.43721 0.19187E+02   0.12720
  0.33246916E+09   2.98832   2.57242   3.71932   2.17167  -2.72285  -3.14656  -3.43481 0.19201E+02   0.12728
  0.33254997E+09   2.98830   2.57268   3.71922   2.17101  -2.72218  -3.14563  -3.43374 0.19222E+02   0.12730
  0.33262380E+09   2.98828   2.57291   3.71913   2.17042  -2.72151  -3.14472  -3.43270 0.19241E+02   0.12732
  0.33269443E+09   2.98826   2.57313   3.71904   2.16981  -2.72095  -3.14392  -3.43178 0.19261E+02   0.12733
  0.33276353E+09   2.98825   2.57335   3.71906   2.16970  -2.71943  -3.14203  -3.42970 0.19269E+02   0.12741
  0.33283194E+09   2.98823   2.57355   3.71896   2.16907  -2.71886  -3.14123  -3.42878 0.19289E+02   0.12742
  0.33290004E+09   2.98821   2.57375   3.71889   2.16860  -2.71792  -3.14001  -3.42741 0.19305E+02   0.12746
  0.33296803E+09   2.98820   2.57394   3.71890   2.16843  -2.71635  -3.13805  -3.42525 0.19314E+02   0.12754
  0.33304961E+09   2.98818   2.57415   3.71878   2.16776  -2.71521  -3.13656  -3.42357 0.19335E+02   0.12758
  0.33314752E+09   2.98816   2.57439   3.71874   2.16734  -2.71284  -3.13361  -3.42032 0.19352E+02   0.12771
  0.33322923E+09   2.98814   2.57458   3.71860   2.16659  -2.71150  -3.13188  -3.41838 0.19375E+02   0.12777
  0.33330391E+09   2.98812   2.57476   3.71852   2.16609  -2.70986  -3.12981  -3.41610 0.19391E+02   0.12785
  0.33337536E+09   2.98810   2.57493   3.71842   2.16553  -2.70838  -3.12794  -3.41403 0.19409E+02   0.12792
  0.33344529E+09   2.98808   2.57509   3.71838   2.16519  -2.70648  -3.12559  -3.41145 0.19422E+02   0.12802
  0.33351451E+09   2.98807   2.57523   3.71824   2.16448  -2.70521  -3.12396  -3.40964 0.19442E+02   0.12808
  0.33358341E+09   2.98805   2.57538   3.71827   2.16444  -2.70262  -3.12081  -3.40621 0.19448E+02   0.12823
  0.33365219E+09   2.98804   2.57551   3.71810   2.16364  -2.70138  -3.11921  -3.40443 0.19471E+02   0.12828
  0.33373471E+09   2.98802   2.57566   3.71812   2.16358  -2.69803  -3.11516  -3.40002 0.19477E+02   0.12848
  0.33383375E+09   2.98799   2.57581   3.71793   2.16267  -2.69527  -3.11173  -3.39626 0.19504E+02   0.12863
  0.33391641E+09   2.98797   2.57593   3.71780   2.16203  -2.69259  -3.10845  -3.39268 0.19523E+02   0.12877
  0.33399202E+09   2.98795   2.57604   3.71761   2.16116  -2.69057  -3.10593  -3.38991 0.19547E+02   0.12888
  0.33406437E+09   2.98794   2.57614   3.71757   2.16090  -2.68754  -3.10226  -3.38594 0.19558E+02   0.12906
  0.33413519E+09   2.98792   2.57623   3.71741   2.16015  -2.68538  -3.09961  -3.38304 0.19579E+02   0.12917
  0.33420532E+09   2.98790   2.57632   3.71741   2.16005  -2.68201  -3.09556  -3.37867 0.19585E+02   0.12938
  0.33427516E+09   2.98789   2.57638   3.71721   2.15918  -2.67994  -3.09300  -3.37587 0.19609E+02   0.12949
  0.33434489E+09   2.98787   2.57645   3.71720   2.15908  -2.67635  -3.08872  -3.37125 0.19615E+02   0.12971
  0.33442856E+09   2.98785   2.57650   3.71703   2.15833  -2.67297  -3.08463  -3.36682 0.19636E+02   0.12991
  0.33452897E+09   2.98783   2.57654   3.71684   2.15755  -2.66839  -3.07911  -3.36087 0.19658E+02   0.13019
  0.33461284E+09   2.98780   2.57658   3.71666   2.15679  -2.66461  -3.07458  -3.35597 0.19679E+02   0.13041
  0.33468957E+09   2.98779   2.57660   3.71653   2.15625  -2.66077  -3.06999  -3.35104 0.19694E+02   0.13065
  0.33476300E+09   2.98777   2.57663   3.71642   2.15578  -2.65694  -3.06543  -3.34613 0.19708E+02   0.13089
  0.33483486E+09   2.98775   2.57665   3.71617   2.15474  -2.65420  -3.06211  -3.34255 0.19734E+02   0.13104
  0.33490600E+09   2.98773   2.57667   3.71617   2.15472  -2.64969  -3.05679  -3.33686 0.19737E+02   0.13134
  0.33497682E+09   2.98772   2.57668   3.71588   2.15355  -2.64717  -3.05373  -3.33356 0.19767E+02   0.13148
  0.33504753E+09   2.98770   2.57669   3.71591   2.15365  -2.64237  -3.04812  -3.32757 0.19767E+02   0.13180
  0.33513238E+09   2.98768   2.57666   3.71564   2.15262  -2.63837  -3.04334  -3.32245 0.19793E+02   0.13205
  0.33523420E+09   2.98765   2.57660   3.71566   2.15272  -2.63092  -3.03466  -3.31321 0.19794E+02   0.13255
  0.33531919E+09   2.98763   2.57657   3.71524   2.15109  -2.62759  -3.03065  -3.30890 0.19833E+02   0.13275
  0.33539694E+09   2.98762   2.57653   3.71519   2.15094  -2.62222  -3.02440  -3.30226 0.19839E+02   0.13311
  0.33547140E+09   2.98760   2.57649   3.71489   2.14977  -2.61874  -3.02026  -3.29784 0.19867E+02   0.13332
  0.33554432E+09   2.98758   2.57644   3.71494   2.15001  -2.61293  -3.01354  -3.29072 0.19863E+02   0.13373
  0.33561652E+09   2.98756   2.57638   3.71459   2.14868  -2.60974  -3.00976  -3.28669 0.19895E+02   0.13393
  0.33568843E+09   2.98754   2.57632   3.71458   2.14868  -2.60424  -3.00341  -3.27998 0.19897E+02   0.13432
  0.33576027E+09   2.98753   2.57628   3.71433   2.14774  -2.60041  -2.99892  -3.27520 0.19919E+02   0.13457
  0.33584648E+09   2.98751   2.57612   3.71426   2.14761  -2.59370  -2.99121  -3.26707 0.19925E+02   0.13504
  0.33594992E+09   2.98748   2.57627   3.71405   2.14661  -2.58851  -2.98514  -3.26062 0.19947E+02   0.13539
  0.33603636E+09   2.98746   2.57612   3.71375   2.14557  -2.58401  -2.97992  -3.25511 0.19975E+02   0.13569
  0.33611546E+09   2.98744   2.57587   3.71372   2.14568  -2.57712  -2.97206  -3.24686 0.19974E+02   0.13620
  0.33619119E+09   2.98742   2.57798   3.71381   2.14393  -2.58324  -2.97864  -3.25358 0.20001E+02   0.13564
  0.33626540E+09   2.98740   2.57871   3.71392   2.14362  -2.58962  -2.98585  -3.26112 0.20027E+02   0.13515
  0.33633887E+09   2.98739   2.57856   3.71389   2.14367  -2.59146  -2.98798  -3.26338 0.20041E+02   0.13502
  0.33641189E+09   2.98737   2.57819   3.71391   2.14409  -2.58830  -2.98443  -3.25967 0.20038E+02   0.13527
  0.33648464E+09   2.98735   2.57778   3.71364   2.14343  -2.58391  -2.97941  -3.25439 0.20057E+02   0.13558
  0.33655733E+09   2.98733   2.57741   3.71354   2.14339  -2.57676  -2.97127  -3.24586 0.20058E+02   0.13611
  0.33664455E+09   2.98731   2.57697   3.71321   2.14251  -2.56822  -2.96152  -3.23562 0.20077E+02   0.13674
  0.33674922E+09   2.98728   2.57641   3.71293   2.14194  -2.55617  -2.94784  -3.22129 0.20088E+02   0.13764
  0.33683668E+09   2.98726   2.57594   3.71255   2.14091  -2.54659  -2.93696  -3.20991 0.20108E+02   0.13835
  0.33691675E+09   2.98724   2.57551   3.71240   2.14072  -2.53644  -2.92552  -3.19798 0.20109E+02   0.13914
  0.33699346E+09   2.98722   2.57507   3.71192   2.13927  -2.52852  -2.91655  -3.18862 0.20139E+02   0.13973
  0.33706865E+09   2.98721   2.57465   3.71185   2.13939  -2.51830  -2.90511  -3.17672 0.20133E+02   0.14054
  0.33714321E+09   2.98719   2.57418   3.71137   2.13792  -2.51047  -2.89629  -3.16754 0.20163E+02   0.14114
  0.33721755E+09   2.98717   2.57376   3.71124   2.13781  -2.50065  -2.88534  -3.15619 0.20161E+02   0.14194
  0.33730677E+09   2.98715   2.57318   3.71081   2.13668  -2.49012  -2.87359  -3.14400 0.20183E+02   0.14279
  0.33741383E+09   2.98712   2.57259   3.71063   2.13655  -2.47608  -2.85803  -3.12791 0.20179E+02   0.14395
