#     AGE           MASS      LOGL     LOGTEFF    LOG G     LOGK2     LOGK3     LOGK4      APOT        BETA
  0.13814214E+07   4.99996   2.84143   4.32852   4.56298  -1.85804  -2.52896  -3.00749 0.14403E+01   0.27738
  0.15829326E+07   4.99995   2.84192   4.32800   4.56042  -1.85910  -2.53002  -3.00854 0.14412E+01   0.27722
  0.18247461E+07   4.99995   2.84253   4.32751   4.55787  -1.86026  -2.53116  -3.00967 0.14423E+01   0.27705
  0.21149223E+07   4.99994   2.84326   4.32706   4.55532  -1.86154  -2.53241  -3.01091 0.14435E+01   0.27686
  0.24631337E+07   4.99993   2.84416   4.32664   4.55275  -1.86297  -2.53380  -3.01226 0.14449E+01   0.27664
  0.28809874E+07   4.99992   2.84525   4.32626   4.55014  -1.86459  -2.53535  -3.01379 0.14464E+01   0.27640
  0.33824119E+07   4.99991   2.84659   4.32592   4.54741  -1.86655  -2.53727  -3.01571 0.14483E+01   0.27611
  0.39841212E+07   4.99990   2.84823   4.32562   4.54457  -1.86873  -2.53936  -3.01776 0.14504E+01   0.27578
  0.47061724E+07   4.99988   2.85022   4.32535   4.54152  -1.87129  -2.54179  -3.02012 0.14529E+01   0.27539
  0.55726338E+07   4.99986   2.85264   4.32511   4.53814  -1.87431  -2.54463  -3.02288 0.14559E+01   0.27493
  0.66123875E+07   4.99984   2.85559   4.32489   4.53429  -1.87789  -2.54800  -3.02615 0.14595E+01   0.27439
  0.78600919E+07   4.99981   2.85917   4.32466   4.52980  -1.88219  -2.55204  -3.03007 0.14638E+01   0.27375
  0.93573373E+07   4.99978   2.86353   4.32442   4.52445  -1.88741  -2.55692  -3.03478 0.14691E+01   0.27296
  0.11154032E+08   4.99974   2.86885   4.32412   4.51796  -1.89376  -2.56284  -3.04051 0.14756E+01   0.27199
  0.13310065E+08   4.99968   2.87535   4.32376   4.50998  -1.90154  -2.57008  -3.04750 0.14837E+01   0.27082
  0.15897305E+08   4.99962   2.88333   4.32328   4.50008  -1.91112  -2.57897  -3.05608 0.14938E+01   0.26937
  0.19001993E+08   4.99954   2.89320   4.32263   4.48763  -1.92303  -2.59000  -3.06673 0.15066E+01   0.26757
  0.22727618E+08   4.99944   2.90547   4.32174   4.47180  -1.93796  -2.60378  -3.08002 0.15230E+01   0.26533
  0.27198369E+08   4.99932   2.92088   4.32048   4.45132  -1.95690  -2.62121  -3.09683 0.15443E+01   0.26248
  0.32563270E+08   4.99916   2.94050   4.31861   4.42422  -1.98131  -2.64359  -3.11844 0.15730E+01   0.25881
  0.39001151E+08   4.99896   2.96560   4.31579   4.38780  -2.01306  -2.67260  -3.14646 0.16122E+01   0.25405
  0.44611963E+08   4.99876   2.98890   4.31263   4.35185  -2.04311  -2.69998  -3.17293 0.16516E+01   0.24955
  0.49609014E+08   4.99857   3.01109   4.30907   4.31541  -2.07231  -2.72654  -3.19866 0.16922E+01   0.24518
  0.54083751E+08   4.99838   3.03237   4.30510   4.27825  -2.10067  -2.75221  -3.22347 0.17343E+01   0.24093
  0.58083836E+08   4.99819   3.05276   4.30066   4.24008  -2.12871  -2.77774  -3.24835 0.17783E+01   0.23675
  0.61638195E+08   4.99801   3.07181   4.29593   4.20209  -2.15545  -2.80214  -3.27218 0.18231E+01   0.23276
  0.64792207E+08   4.99784   3.08954   4.29096   4.16445  -2.18087  -2.82539  -3.29496 0.18684E+01   0.22897
  0.67602182E+08   4.99767   3.10616   4.28569   4.12675  -2.20527  -2.84778  -3.31697 0.19146E+01   0.22534
  0.70103649E+08   4.99751   3.12180   4.28015   4.08891  -2.22875  -2.86943  -3.33833 0.19618E+01   0.22185
  0.72320689E+08   4.99735   3.13648   4.27435   4.05103  -2.25134  -2.89033  -3.35902 0.20103E+01   0.21849
  0.74276797E+08   4.99720   3.15020   4.26838   4.01342  -2.27295  -2.91044  -3.37901 0.20594E+01   0.21530
  0.75998502E+08   4.99706   3.16288   4.26242   3.97688  -2.29332  -2.92949  -3.39802 0.21086E+01   0.21229
  0.77520751E+08   4.99692   3.17457   4.25658   3.94183  -2.31240  -2.94743  -3.41600 0.21574E+01   0.20948
  0.78883071E+08   4.99679   3.18552   4.25099   3.90849  -2.33037  -2.96440  -3.43305 0.22062E+01   0.20684
  0.80123408E+08   4.99667   3.19601   4.24581   3.87727  -2.34736  -2.98052  -3.44929 0.22552E+01   0.20436
  0.81281236E+08   4.99654   3.20654   4.24148   3.84943  -2.36348  -2.99582  -3.46472 0.23052E+01   0.20199
  0.82377734E+08   4.99642   3.21791   4.23962   3.83062  -2.37800  -3.00948  -3.47839 0.23551E+01   0.19984
  0.83326072E+08   4.99631   3.23224   4.24776   3.84882  -2.38560  -3.01589  -3.48424 0.23929E+01   0.19857
  0.83705407E+08   4.99626   3.25237   4.27295   3.92945  -2.38260  -3.01109  -3.47798 0.24092E+01   0.19864
  0.83735754E+08   4.99626   3.29354   4.27711   3.90494  -2.38885  -3.01648  -3.48298 0.24395E+01   0.19761
  0.83760031E+08   4.99625   3.26297   4.27850   3.94105  -2.39686  -3.02348  -3.48961 0.24858E+01   0.19628
  0.83779453E+08   4.99625   3.27450   4.28348   3.94945  -2.40115  -3.02710  -3.49319 0.25373E+01   0.19543
  0.83794991E+08   4.99625   3.27660   4.28214   3.94196  -2.40313  -3.02887  -3.49524 0.25848E+01   0.19496
  0.83807421E+08   4.99625   3.27130   4.27502   3.91878  -2.40884  -3.03441  -3.50112 0.26374E+01   0.19404
  0.83817365E+08   4.99625   3.26875   4.26701   3.88929  -2.41761  -3.04301  -3.51004 0.26928E+01   0.19274
  0.83825320E+08   4.99625   3.27024   4.26013   3.86028  -2.42704  -3.05231  -3.51963 0.27450E+01   0.19140
  0.83832830E+08   4.99625   3.27375   4.25463   3.83476  -2.43737  -3.06256  -3.53019 0.27991E+01   0.18995
  0.83840174E+08   4.99624   3.27862   4.24957   3.80968  -2.44809  -3.07325  -3.54119 0.28541E+01   0.18848
  0.83848987E+08   4.99624   3.28417   4.24480   3.78506  -2.46089  -3.08606  -3.55441 0.29201E+01   0.18674
  0.83859563E+08   4.99624   3.29102   4.23933   3.75632  -2.47534  -3.10059  -3.56944 0.29972E+01   0.18480
  0.83868689E+08   4.99624   3.29867   4.23306   3.72361  -2.48690  -3.11227  -3.58157 0.30619E+01   0.18326
  0.83877350E+08   4.99624   3.30454   4.22781   3.69673  -2.49707  -3.12260  -3.59232 0.31218E+01   0.18191
  0.83885928E+08   4.99624   3.30945   4.22295   3.67234  -2.50648  -3.13218  -3.60233 0.31798E+01   0.18067
  0.83896222E+08   4.99624   3.31374   4.21821   3.64911  -2.51699  -3.14294  -3.61360 0.32479E+01   0.17930
  0.83908575E+08   4.99623   3.31822   4.21262   3.62227  -2.52878  -3.15507  -3.62635 0.33287E+01   0.17776
  0.83919181E+08   4.99623   3.32285   4.20599   3.59114  -2.53839  -3.16501  -3.63683 0.33984E+01   0.17652
  0.83929064E+08   4.99623   3.32633   4.20032   3.56496  -2.54701  -3.17396  -3.64629 0.34640E+01   0.17542
  0.83938614E+08   4.99623   3.32920   4.19501   3.54085  -2.55510  -3.18240  -3.65522 0.35284E+01   0.17439
  0.83947986E+08   4.99622   3.33168   4.18984   3.51769  -2.56287  -3.19054  -3.66386 0.35926E+01   0.17341
  0.83957232E+08   4.99622   3.33387   4.18470   3.49495  -2.57044  -3.19851  -3.67232 0.36581E+01   0.17246
  0.83966359E+08   4.99622   3.33584   4.17956   3.47241  -2.57786  -3.20635  -3.68065 0.37243E+01   0.17154
  0.83975356E+08   4.99622   3.33760   4.17439   3.44996  -2.58516  -3.21408  -3.68887 0.37918E+01   0.17063
  0.83984205E+08   4.99622   3.33919   4.16918   3.42754  -2.59236  -3.22174  -3.69701 0.38609E+01   0.16975
  0.83992886E+08   4.99621   3.34061   4.16394   3.40515  -2.59947  -3.22932  -3.70508 0.39315E+01   0.16888
  0.84001381E+08   4.99621   3.34189   4.15866   3.38277  -2.60649  -3.23684  -3.71307 0.40036E+01   0.16803
  0.84009676E+08   4.99621   3.34301   4.15335   3.36040  -2.61344  -3.24429  -3.72099 0.40773E+01   0.16720
  0.84017756E+08   4.99621   3.34400   4.14801   3.33805  -2.62031  -3.25168  -3.72885 0.41525E+01   0.16638
  0.84025613E+08   4.99620   3.34485   4.14264   3.31573  -2.62712  -3.25902  -3.73663 0.42294E+01   0.16558
  0.84033240E+08   4.99620   3.34558   4.13725   3.29345  -2.63385  -3.26630  -3.74434 0.43079E+01   0.16479
  0.84040633E+08   4.99620   3.34620   4.13185   3.27120  -2.64053  -3.27353  -3.75197 0.43880E+01   0.16402
  0.84047790E+08   4.99620   3.34670   4.12642   3.24900  -2.64714  -3.28070  -3.75953 0.44697E+01   0.16325
  0.84054712E+08   4.99620   3.34709   4.12098   3.22685  -2.65370  -3.28781  -3.76701 0.45530E+01   0.16250
  0.84061399E+08   4.99619   3.34738   4.11553   3.20475  -2.66020  -3.29487  -3.77441 0.46381E+01   0.16176
  0.84067856E+08   4.99619   3.34757   4.11007   3.18272  -2.66665  -3.30188  -3.78174 0.47248E+01   0.16103
  0.84074085E+08   4.99619   3.34766   4.10460   3.16074  -2.67304  -3.30883  -3.78898 0.48133E+01   0.16032
  0.84080092E+08   4.99619   3.34766   4.09912   3.13883  -2.67939  -3.31573  -3.79613 0.49036E+01   0.15961
  0.84085882E+08   4.99618   3.34757   4.09364   3.11699  -2.68569  -3.32258  -3.80320 0.49955E+01   0.15892
  0.84091461E+08   4.99618   3.34739   4.08815   3.09522  -2.69194  -3.32936  -3.81018 0.50890E+01   0.15823
  0.84096835E+08   4.99618   3.34713   4.08266   3.07352  -2.69815  -3.33608  -3.81706 0.51843E+01   0.15756
  0.84102011E+08   4.99618   3.34679   4.07717   3.05189  -2.70431  -3.34275  -3.82384 0.52814E+01   0.15689
  0.84106997E+08   4.99618   3.34637   4.07167   3.03034  -2.71042  -3.34935  -3.83052 0.53803E+01   0.15623
  0.84111798E+08   4.99617   3.34588   4.06618   3.00886  -2.71649  -3.35589  -3.83709 0.54808E+01   0.15559
  0.84116422E+08   4.99617   3.34531   4.06069   2.98747  -2.72252  -3.36236  -3.84356 0.55833E+01   0.15495
  0.84120876E+08   4.99617   3.34468   4.05520   2.96615  -2.72850  -3.36875  -3.84991 0.56876E+01   0.15432
  0.84125167E+08   4.99617   3.34398   4.04972   2.94490  -2.73444  -3.37508  -3.85615 0.57937E+01   0.15369
  0.84129301E+08   4.99617   3.34322   4.04424   2.92373  -2.74033  -3.38134  -3.86227 0.59017E+01   0.15308
  0.84133286E+08   4.99617   3.34240   4.03876   2.90264  -2.74618  -3.38751  -3.86826 0.60115E+01   0.15247
  0.84137127E+08   4.99616   3.34151   4.03328   2.88163  -2.75199  -3.39361  -3.87413 0.61233E+01   0.15187
  0.84140830E+08   4.99616   3.34057   4.02781   2.86068  -2.75775  -3.39964  -3.87988 0.62371E+01   0.15127
  0.84144402E+08   4.99616   3.33957   4.02234   2.83981  -2.76348  -3.40559  -3.88551 0.63529E+01   0.15068
  0.84147847E+08   4.99616   3.33852   4.01688   2.81900  -2.76917  -3.41146  -3.89101 0.64707E+01   0.15010
  0.84151171E+08   4.99616   3.33742   4.01142   2.79826  -2.77482  -3.41724  -3.89638 0.65907E+01   0.14952
  0.84154379E+08   4.99615   3.33627   4.00596   2.77759  -2.78042  -3.42294  -3.90161 0.67128E+01   0.14895
  0.84157476E+08   4.99615   3.33507   4.00051   2.75699  -2.78597  -3.42854  -3.90669 0.68368E+01   0.14838
  0.84160467E+08   4.99615   3.33383   3.99507   2.73646  -2.79147  -3.43403  -3.91160 0.69631E+01   0.14782
  0.84163358E+08   4.99615   3.33255   3.98963   2.71599  -2.79690  -3.43940  -3.91634 0.70915E+01   0.14727
  0.84166151E+08   4.99615   3.33123   3.98420   2.69559  -2.80226  -3.44463  -3.92088 0.72222E+01   0.14672
  0.84168853E+08   4.99615   3.32986   3.97878   2.67525  -2.80755  -3.44973  -3.92522 0.73552E+01   0.14618
  0.84171466E+08   4.99615   3.32846   3.97336   2.65497  -2.81275  -3.45467  -3.92934 0.74905E+01   0.14564
  0.84173995E+08   4.99614   3.32703   3.96794   2.63475  -2.81785  -3.45944  -3.93323 0.76282E+01   0.14511
  0.84176444E+08   4.99614   3.32555   3.96254   2.61460  -2.82285  -3.46402  -3.93686 0.77683E+01   0.14459
  0.84178816E+08   4.99614   3.32405   3.95714   2.59450  -2.82774  -3.46841  -3.94021 0.79107E+01   0.14407
  0.84181114E+08   4.99614   3.32251   3.95174   2.57447  -2.83251  -3.47259  -3.94329 0.80556E+01   0.14356
  0.84183342E+08   4.99614   3.32094   3.94636   2.55449  -2.83715  -3.47654  -3.94605 0.82030E+01   0.14306
  0.84185503E+08   4.99614   3.31934   3.94097   2.53456  -2.84165  -3.48026  -3.94850 0.83531E+01   0.14257
  0.84187600E+08   4.99613   3.31771   3.93560   2.51469  -2.84599  -3.48372  -3.95061 0.85056E+01   0.14209
  0.84189635E+08   4.99613   3.31605   3.93023   2.49487  -2.85018  -3.48692  -3.95238 0.86608E+01   0.14161
  0.84191610E+08   4.99613   3.31436   3.92486   2.47510  -2.85421  -3.48985  -3.95379 0.88188E+01   0.14115
  0.84193529E+08   4.99613   3.31263   3.91950   2.45538  -2.85806  -3.49250  -3.95482 0.89796E+01   0.14069
  0.84195393E+08   4.99613   3.31088   3.91415   2.43571  -2.86175  -3.49486  -3.95549 0.91431E+01   0.14024
  0.84197204E+08   4.99613   3.30911   3.90879   2.41607  -2.86523  -3.49690  -3.95574 0.93094E+01   0.13980
  0.84198965E+08   4.99613   3.30730   3.90345   2.39649  -2.86856  -3.49870  -3.95568 0.94790E+01   0.13937
  0.84200676E+08   4.99613   3.30547   3.89810   2.37693  -2.87175  -3.50024  -3.95529 0.96517E+01   0.13894
  0.84202340E+08   4.99612   3.30361   3.89275   2.35740  -2.87476  -3.50150  -3.95455 0.98275E+01   0.13852
  0.84203957E+08   4.99612   3.30173   3.88741   2.33790  -2.87759  -3.50248  -3.95345 0.10007E+02   0.13811
  0.84205529E+08   4.99612   3.29982   3.88206   2.31844  -2.88030  -3.50324  -3.95208 0.10189E+02   0.13771
  0.84207057E+08   4.99612   3.29788   3.87672   2.29899  -2.88284  -3.50375  -3.95039 0.10375E+02   0.13731
  0.84208543E+08   4.99612   3.29593   3.87137   2.27957  -2.88524  -3.50403  -3.94843 0.10565E+02   0.13691
  0.84209987E+08   4.99612   3.29394   3.86603   2.26018  -2.88746  -3.50403  -3.94613 0.10758E+02   0.13652
  0.84211391E+08   4.99612   3.29194   3.86069   2.24082  -2.88955  -3.50381  -3.94358 0.10954E+02   0.13614
  0.84212756E+08   4.99612   3.28991   3.85535   2.22148  -2.89147  -3.50335  -3.94073 0.11155E+02   0.13576
  0.84214083E+08   4.99611   3.28785   3.85001   2.20217  -2.89322  -3.50261  -3.93757 0.11359E+02   0.13539
  0.84215374E+08   4.99611   3.28578   3.84467   2.18290  -2.89480  -3.50164  -3.93412 0.11567E+02   0.13502
  0.84216628E+08   4.99611   3.28368   3.83933   2.16365  -2.89618  -3.50037  -3.93033 0.11779E+02   0.13466
  0.84217849E+08   4.99611   3.28156   3.83400   2.14444  -2.89738  -3.49883  -3.92622 0.11994E+02   0.13431
  0.84219036E+08   4.99611   3.27942   3.82867   2.12525  -2.89830  -3.49690  -3.92165 0.12214E+02   0.13397
  0.84220191E+08   4.99611   3.27726   3.82335   2.10613  -2.89907  -3.49475  -3.91684 0.12438E+02   0.13364
  0.84221315E+08   4.99611   3.27507   3.81802   2.08701  -2.89967  -3.49236  -3.91174 0.12666E+02   0.13331
  0.84222409E+08   4.99611   3.27286   3.81269   2.06790  -2.89986  -3.48940  -3.90597 0.12897E+02   0.13300
  0.84223473E+08   4.99610   3.27063   3.80738   2.04890  -2.89984  -3.48616  -3.89988 0.13133E+02   0.13270
  0.84224511E+08   4.99610   3.26837   3.80207   2.02992  -2.89952  -3.48251  -3.89331 0.13373E+02   0.13240
  0.84225521E+08   4.99610   3.26609   3.79676   2.01097  -2.89892  -3.47847  -3.88628 0.13617E+02   0.13213
  0.84226505E+08   4.99610   3.26377   3.79146   1.99206  -2.89790  -3.47386  -3.87857 0.13865E+02   0.13187
  0.84227464E+08   4.99610   3.26143   3.78616   1.97323  -2.89652  -3.46875  -3.87028 0.14118E+02   0.13163
  0.84228400E+08   4.99610   3.25905   3.78088   1.95445  -2.89469  -3.46306  -3.86127 0.14374E+02   0.13141
  0.84229313E+08   4.99610   3.25665   3.77559   1.93574  -2.89267  -3.45710  -3.85198 0.14635E+02   0.13119
  0.84230203E+08   4.99610   3.25420   3.77029   1.91698  -2.88998  -3.45024  -3.84159 0.14900E+02   0.13101
  0.84231071E+08   4.99610   3.25172   3.76503   1.89839  -2.88665  -3.44253  -3.83017 0.15167E+02   0.13086
  0.84231920E+08   4.99610   3.24920   3.75978   1.87992  -2.88277  -3.43408  -3.81785 0.15439E+02   0.13074
  0.84232751E+08   4.99609   3.24663   3.75453   1.86151  -2.87800  -3.42441  -3.80403 0.15712E+02   0.13067
  0.84233564E+08   4.99609   3.24401   3.74932   1.84327  -2.87218  -3.41332  -3.78846 0.15987E+02   0.13065
  0.84234363E+08   4.99609   3.24134   3.74414   1.82523  -2.86521  -3.40066  -3.77095 0.16263E+02   0.13070
  0.84235150E+08   4.99609   3.23860   3.73899   1.80738  -2.85663  -3.38580  -3.75072 0.16539E+02   0.13083
  0.84235927E+08   4.99609   3.23578   3.73390   1.78983  -2.84579  -3.36785  -3.72665 0.16809E+02   0.13109
  0.84236699E+08   4.99609   3.23287   3.72891   1.77278  -2.83126  -3.34486  -3.69634 0.17065E+02   0.13156
  0.84237625E+08   4.99609   3.22984   3.72411   1.75662  -2.80529  -3.30572  -3.64591 0.17328E+02   0.13265
  0.84238737E+08   4.99609   3.22601   3.71891   1.73964  -2.75985  -3.24013  -3.56360 0.17558E+02   0.13485
  0.84239765E+08   4.99608   3.22110   3.71367   1.72359  -2.70697  -3.16649  -3.47377 0.17702E+02   0.13766
  0.84240999E+08   4.99608   3.21622   3.70959   1.71213  -2.63307  -3.06781  -3.35758 0.17805E+02   0.14197
  0.84242480E+08   4.99608   3.20993   3.70540   1.70166  -2.53466  -2.94450  -3.21963 0.17829E+02   0.14853
  0.84244257E+08   4.99608   3.20189   3.70139   1.69369  -2.41136  -2.80068  -3.06676 0.17733E+02   0.15830
  0.84245840E+08   4.99608   3.19185   3.69792   1.68983  -2.30741  -2.68477  -2.94694 0.17644E+02   0.16787
  0.84247300E+08   4.99607   3.18261   3.69471   1.68624  -2.21148  -2.58089  -2.84117 0.17506E+02   0.17790
  0.84249052E+08   4.99607   3.17443   3.69248   1.68548  -2.09943  -2.46238  -2.72190 0.17326E+02   0.19116
  0.84251154E+08   4.99607   3.16497   3.68999   1.68498  -1.96935  -2.32785  -2.58781 0.17087E+02   0.20879
  0.84253677E+08   4.99607   3.15631   3.68788   1.68523  -1.83060  -2.18746  -2.44925 0.16978E+02   0.23036
  0.84256704E+08   4.99606   3.15034   3.68410   1.67608  -1.68677  -2.04502  -2.30986 0.17077E+02   0.25589
  0.84260336E+08   4.99606   3.15726   3.68030   1.65394  -1.55876  -1.92127  -2.18994 0.17688E+02   0.28140
  0.84262516E+08   4.99606   3.18730   3.67577   1.60577  -1.50627  -1.87160  -2.14221 0.18341E+02   0.29267
  0.84264457E+08   4.99605   3.21496   3.67273   1.56598  -1.47091  -1.83854  -2.11054 0.18970E+02   0.30055
  0.84266114E+08   4.99605   3.24176   3.67067   1.53093  -1.44815  -1.81745  -2.09035 0.19515E+02   0.30576
  0.84267642E+08   4.99605   3.26413   3.66919   1.50264  -1.43273  -1.80342  -2.07707 0.20037E+02   0.30938
  0.84269474E+08   4.99604   3.28119   3.66708   1.47712  -1.41837  -1.79027  -2.06447 0.20566E+02   0.31278
  0.84271674E+08   4.99604   3.30122   3.66595   1.45258  -1.40612  -1.77908  -2.05373 0.21087E+02   0.31572
  0.84273690E+08   4.99603   3.32021   3.66502   1.42988  -1.39829  -1.77204  -2.04706 0.21519E+02   0.31764
  0.84276109E+08   4.99603   3.33288   3.66375   1.41213  -1.39106  -1.76548  -2.04075 0.21920E+02   0.31941
  0.84279012E+08   4.99602   3.34556   3.66307   1.39672  -1.38482  -1.75994  -2.03551 0.22340E+02   0.32098
  0.84281335E+08   4.99601   3.35608   3.66195   1.38171  -1.38044  -1.75594  -2.03163 0.22607E+02   0.32206
  0.84284122E+08   4.99601   3.36397   3.66174   1.37297  -1.37639  -1.75238  -2.02829 0.22928E+02   0.32309
  0.84287466E+08   4.99600   3.37060   3.66086   1.36283  -1.37204  -1.74849  -2.02458 0.23271E+02   0.32420
  0.84291479E+08   4.99598   3.37822   3.66022   1.35267  -1.36743  -1.74437  -2.02063 0.23649E+02   0.32536
  0.84296295E+08   4.99597   3.38651   3.65967   1.34217  -1.36270  -1.74014  -2.01658 0.24081E+02   0.32657
  0.84300148E+08   4.99596   3.39551   3.65901   1.33051  -1.35920  -1.73696  -2.01347 0.24387E+02   0.32745
  0.84304771E+08   4.99594   3.40267   3.65881   1.32258  -1.35596  -1.73412  -2.01078 0.24763E+02   0.32829
  0.84310319E+08   4.99592   3.40986   3.65798   1.31207  -1.35288  -1.73137  -2.00814 0.25122E+02   0.32909
  0.84314757E+08   4.99591   3.41786   3.65729   1.30127  -1.35093  -1.72959  -2.00638 0.25325E+02   0.32958
  0.84320083E+08   4.99589   3.42350   3.65705   1.29469  -1.34949  -1.72828  -2.00509 0.25496E+02   0.32995
  0.84326474E+08   4.99587   3.42839   3.65670   1.28838  -1.34851  -1.72739  -2.00419 0.25613E+02   0.33020
  0.84334144E+08   4.99584   3.43241   3.65646   1.28341  -1.34806  -1.72698  -2.00379 0.25694E+02   0.33031
  0.84343347E+08   4.99580   3.43527   3.65621   1.27954  -1.34803  -1.72694  -2.00372 0.25750E+02   0.33032
  0.84350709E+08   4.99578   3.43722   3.65603   1.27688  -1.34811  -1.72698  -2.00372 0.25769E+02   0.33029
  0.84359545E+08   4.99574   3.43828   3.65611   1.27613  -1.34853  -1.72736  -2.00408 0.25804E+02   0.33018
  0.84370147E+08   4.99570   3.43878   3.65600   1.27520  -1.34923  -1.72799  -2.00468 0.25848E+02   0.33000
  0.84382869E+08   4.99566   3.43888   3.65588   1.27459  -1.35002  -1.72861  -2.00520 0.25842E+02   0.32977
  0.84398136E+08   4.99560   3.43869   3.65631   1.27652  -1.35145  -1.72992  -2.00648 0.25904E+02   0.32941
  0.84416457E+08   4.99553   3.43755   3.65614   1.27698  -1.35301  -1.73126  -2.00771 0.25935E+02   0.32899
  0.84431113E+08   4.99548   3.43624   3.65645   1.27950  -1.35440  -1.73251  -2.00892 0.25997E+02   0.32864
  0.84442838E+08   4.99543   3.43501   3.65639   1.28050  -1.35546  -1.73346  -2.00982 0.26048E+02   0.32836
  0.84452742E+08   4.99540   3.43414   3.65639   1.28137  -1.35625  -1.73413  -2.01044 0.26073E+02   0.32815
  0.84464626E+08   4.99535   3.43354   3.65659   1.28278  -1.35736  -1.73516  -2.01146 0.26147E+02   0.32788
  0.84478888E+08   4.99530   3.43258   3.65637   1.28286  -1.35834  -1.73597  -2.01216 0.26165E+02   0.32760
  0.84490297E+08   4.99526   3.43190   3.65681   1.28527  -1.35929  -1.73682  -2.01299 0.26218E+02   0.32736
  0.84499424E+08   4.99522   3.43112   3.65677   1.28590  -1.36011  -1.73760  -2.01376 0.26283E+02   0.32716
  0.84510377E+08   4.99519   3.43049   3.65654   1.28559  -1.36085  -1.73821  -2.01430 0.26308E+02   0.32696
  0.84523520E+08   4.99514   3.43011   3.65680   1.28702  -1.36177  -1.73900  -2.01503 0.26341E+02   0.32671
  0.84534034E+08   4.99510   3.42943   3.65701   1.28853  -1.36261  -1.73977  -2.01577 0.26391E+02   0.32650
  0.84542446E+08   4.99507   3.42881   3.65695   1.28889  -1.36328  -1.74038  -2.01636 0.26439E+02   0.32633
  0.84552540E+08   4.99503   3.42836   3.65684   1.28893  -1.36386  -1.74083  -2.01673 0.26443E+02   0.32616
  0.84564653E+08   4.99499   3.42811   3.65724   1.29076  -1.36487  -1.74178  -2.01768 0.26515E+02   0.32591
  0.84579188E+08   4.99494   3.42729   3.65699   1.29057  -1.36579  -1.74254  -2.01835 0.26537E+02   0.32566
  0.84590816E+08   4.99490   3.42680   3.65734   1.29245  -1.36662  -1.74328  -2.01904 0.26576E+02   0.32544
  0.84600119E+08   4.99486   3.42621   3.65739   1.29325  -1.36745  -1.74408  -2.01986 0.26648E+02   0.32525
  0.84607561E+08   4.99484   3.42558   3.65704   1.29249  -1.36785  -1.74439  -2.02011 0.26654E+02   0.32513
  0.84613514E+08   4.99481   3.42555   3.65733   1.29368  -1.36831  -1.74480  -2.02051 0.26678E+02   0.32501
  0.84618277E+08   4.99480   3.42517   3.65731   1.29395  -1.36876  -1.74524  -2.02096 0.26719E+02   0.32491
  0.84623993E+08   4.99478   3.42476   3.65708   1.29343  -1.36905  -1.74546  -2.02113 0.26723E+02   0.32482
  0.84630851E+08   4.99475   3.42482   3.65732   1.29434  -1.36958  -1.74595  -2.02161 0.26755E+02   0.32469
  0.84639082E+08   4.99472   3.42438   3.65724   1.29448  -1.37004  -1.74630  -2.02190 0.26755E+02   0.32456
  0.84648958E+08   4.99469   3.42423   3.65756   1.29589  -1.37088  -1.74712  -2.02273 0.26822E+02   0.32435
  0.84660810E+08   4.99465   3.42351   3.65723   1.29530  -1.37169  -1.74783  -2.02339 0.26863E+02   0.32415
  0.84670291E+08   4.99461   3.42313   3.65729   1.29590  -1.37227  -1.74831  -2.02381 0.26875E+02   0.32399
  0.84677876E+08   4.99459   3.42285   3.65752   1.29710  -1.37285  -1.74884  -2.02434 0.26910E+02   0.32384
  0.84686978E+08   4.99455   3.42240   3.65743   1.29719  -1.37333  -1.74920  -2.02461 0.26903E+02   0.32370
  0.84697901E+08   4.99452   3.42226   3.65783   1.29892  -1.37418  -1.74999  -2.02540 0.26954E+02   0.32349
  0.84711008E+08   4.99447   3.42159   3.65767   1.29897  -1.37506  -1.75077  -2.02613 0.26997E+02   0.32326
  0.84726736E+08   4.99442   3.42111   3.65773   1.29966  -1.37610  -1.75169  -2.02698 0.27039E+02   0.32299
  0.84745610E+08   4.99435   3.42051   3.65783   1.30069  -1.37740  -1.75285  -2.02809 0.27103E+02   0.32266
  0.84760710E+08   4.99430   3.41973   3.65783   1.30143  -1.37836  -1.75367  -2.02884 0.27132E+02   0.32240
  0.84773465E+08   4.99425   3.41924   3.65804   1.30276  -1.37927  -1.75451  -2.02965 0.27183E+02   0.32217
  0.84783688E+08   4.99422   3.41867   3.65796   1.30302  -1.38003  -1.75520  -2.03033 0.27232E+02   0.32198
  0.84795956E+08   4.99417   3.41824   3.65785   1.30298  -1.38079  -1.75586  -2.03092 0.27254E+02   0.32178
  0.84810677E+08   4.99412   3.41792   3.65804   1.30410  -1.38170  -1.75662  -2.03161 0.27271E+02   0.32154
  0.84828342E+08   4.99406   3.41743   3.65832   1.30569  -1.38301  -1.75785  -2.03282 0.27357E+02   0.32121
  0.84849540E+08   4.99399   3.41660   3.65803   1.30533  -1.38437  -1.75904  -2.03392 0.27408E+02   0.32086
  0.84866499E+08   4.99393   3.41597   3.65819   1.30662  -1.38538  -1.75988  -2.03467 0.27420E+02   0.32059
  0.84881003E+08   4.99388   3.41550   3.65857   1.30862  -1.38647  -1.76090  -2.03567 0.27488E+02   0.32032
  0.84892607E+08   4.99384   3.41481   3.65835   1.30839  -1.38725  -1.76159  -2.03633 0.27527E+02   0.32012
  0.84906531E+08   4.99379   3.41447   3.65835   1.30875  -1.38813  -1.76235  -2.03702 0.27551E+02   0.31988
  0.84923240E+08   4.99374   3.41408   3.65854   1.30989  -1.38932  -1.76345  -2.03809 0.27620E+02   0.31959
  0.84943291E+08   4.99367   3.41340   3.65837   1.30989  -1.39053  -1.76447  -2.03901 0.27641E+02   0.31926
  0.84959451E+08   4.99362   3.41290   3.65874   1.31184  -1.39159  -1.76540  -2.03987 0.27673E+02   0.31899
  0.84978843E+08   4.99355   3.41237   3.65888   1.31293  -1.39295  -1.76666  -2.04109 0.27746E+02   0.31865
  0.85002113E+08   4.99347   3.41166   3.65873   1.31303  -1.39447  -1.76801  -2.04237 0.27811E+02   0.31826
  0.85020730E+08   4.99341   3.41097   3.65876   1.31385  -1.39562  -1.76899  -2.04326 0.27834E+02   0.31796
  0.85037122E+08   4.99335   3.41051   3.65906   1.31551  -1.39674  -1.77000  -2.04421 0.27880E+02   0.31767
  0.85050876E+08   4.99331   3.40994   3.65907   1.31610  -1.39778  -1.77098  -2.04518 0.27948E+02   0.31742
  0.85061878E+08   4.99327   3.40939   3.65881   1.31560  -1.39837  -1.77144  -2.04556 0.27940E+02   0.31725
  0.85075082E+08   4.99323   3.40934   3.65922   1.31728  -1.39941  -1.77242  -2.04654 0.28006E+02   0.31700
  0.85090926E+08   4.99317   3.40867   3.65892   1.31678  -1.40038  -1.77326  -2.04729 0.28023E+02   0.31674
  0.85103601E+08   4.99313   3.40836   3.65919   1.31815  -1.40126  -1.77404  -2.04804 0.28056E+02   0.31652
  0.85113741E+08   4.99310   3.40793   3.65920   1.31861  -1.40202  -1.77475  -2.04873 0.28102E+02   0.31633
  0.85121853E+08   4.99307   3.40753   3.65904   1.31835  -1.40250  -1.77515  -2.04908 0.28107E+02   0.31620
  0.85131588E+08   4.99304   3.40747   3.65924   1.31921  -1.40318  -1.77577  -2.04967 0.28131E+02   0.31603
  0.85143269E+08   4.99300   3.40711   3.65924   1.31959  -1.40405  -1.77659  -2.05047 0.28184E+02   0.31582
  0.85157287E+08   4.99295   3.40665   3.65905   1.31928  -1.40497  -1.77740  -2.05123 0.28216E+02   0.31558
  0.85174109E+08   4.99290   3.40634   3.65912   1.31988  -1.40605  -1.77834  -2.05209 0.28238E+02   0.31530
  0.85187566E+08   4.99285   3.40592   3.65932   1.32108  -1.40697  -1.77915  -2.05286 0.28267E+02   0.31507
  0.85198331E+08   4.99282   3.40553   3.65938   1.32172  -1.40772  -1.77984  -2.05352 0.28299E+02   0.31488
  0.85211250E+08   4.99278   3.40518   3.65934   1.32191  -1.40853  -1.78052  -2.05413 0.28305E+02   0.31466
  0.85226753E+08   4.99272   3.40495   3.65961   1.32319  -1.40961  -1.78149  -2.05505 0.28343E+02   0.31439
  0.85245356E+08   4.99266   3.40444   3.65961   1.32373  -1.41092  -1.78270  -2.05622 0.28408E+02   0.31407
  0.85267679E+08   4.99259   3.40386   3.65946   1.32368  -1.41236  -1.78397  -2.05740 0.28442E+02   0.31369
  0.85294468E+08   4.99250   3.40338   3.65967   1.32501  -1.41414  -1.78556  -2.05890 0.28501E+02   0.31324
  0.85315899E+08   4.99243   3.40268   3.65974   1.32597  -1.41560  -1.78686  -2.06012 0.28546E+02   0.31287
  0.85333043E+08   4.99238   3.40214   3.65982   1.32683  -1.41678  -1.78792  -2.06111 0.28584E+02   0.31257
  0.85353617E+08   4.99231   3.40170   3.65987   1.32748  -1.41816  -1.78913  -2.06223 0.28608E+02   0.31222
  0.85378305E+08   4.99223   3.40123   3.66011   1.32889  -1.41993  -1.79074  -2.06378 0.28677E+02   0.31178
  0.85398055E+08   4.99217   3.40051   3.66002   1.32925  -1.42126  -1.79191  -2.06486 0.28702E+02   0.31143
  0.85421756E+08   4.99209   3.40010   3.66025   1.33055  -1.42292  -1.79338  -2.06624 0.28741E+02   0.31101
  0.85450197E+08   4.99200   3.39950   3.66040   1.33175  -1.42493  -1.79520  -2.06796 0.28807E+02   0.31050
  0.85472950E+08   4.99193   3.39876   3.66041   1.33252  -1.42660  -1.79672  -2.06941 0.28873E+02   0.31009
  0.85491152E+08   4.99187   3.39817   3.66032   1.33275  -1.42792  -1.79791  -2.07054 0.28914E+02   0.30976
  0.85512994E+08   4.99180   3.39775   3.66036   1.33332  -1.42949  -1.79930  -2.07184 0.28944E+02   0.30936
  0.85539205E+08   4.99172   3.39725   3.66054   1.33455  -1.43138  -1.80097  -2.07340 0.28979E+02   0.30888
  0.85563112E+08   4.99164   3.39664   3.66075   1.33600  -1.43316  -1.80259  -2.07494 0.29040E+02   0.30844
  0.85582920E+08   4.99158   3.39600   3.66070   1.33642  -1.43470  -1.80402  -2.07633 0.29112E+02   0.30806
  0.85606689E+08   4.99150   3.39545   3.66049   1.33611  -1.43644  -1.80558  -2.07779 0.29153E+02   0.30762
  0.85635212E+08   4.99141   3.39497   3.66061   1.33709  -1.43857  -1.80749  -2.07960 0.29208E+02   0.30709
  0.85658031E+08   4.99134   3.39431   3.66070   1.33808  -1.44027  -1.80900  -2.08100 0.29236E+02   0.30666
  0.85676286E+08   4.99128   3.39384   3.66090   1.33935  -1.44171  -1.81030  -2.08223 0.29272E+02   0.30630
  0.85690890E+08   4.99124   3.39339   3.66095   1.33999  -1.44286  -1.81134  -2.08321 0.29299E+02   0.30601
  0.85708415E+08   4.99118   3.39305   3.66101   1.34056  -1.44425  -1.81259  -2.08439 0.29330E+02   0.30566
  0.85729444E+08   4.99112   3.39264   3.66108   1.34127  -1.44589  -1.81405  -2.08575 0.29357E+02   0.30525
  0.85754680E+08   4.99104   3.39219   3.66125   1.34239  -1.44786  -1.81582  -2.08741 0.29392E+02   0.30476
  0.85784963E+08   4.99094   3.39163   3.66141   1.34357  -1.45026  -1.81802  -2.08953 0.29473E+02   0.30417
  0.85811776E+08   4.99086   3.39089   3.66125   1.34365  -1.45234  -1.81987  -2.09125 0.29504E+02   0.30365
  0.85833227E+08   4.99079   3.39042   3.66149   1.34506  -1.45413  -1.82152  -2.09284 0.29567E+02   0.30321
  0.85858968E+08   4.99071   3.38986   3.66135   1.34508  -1.45621  -1.82339  -2.09459 0.29606E+02   0.30269
  0.85889857E+08   4.99062   3.38938   3.66150   1.34617  -1.45872  -1.82566  -2.09673 0.29655E+02   0.30207
  0.85914568E+08   4.99054   3.38875   3.66164   1.34732  -1.46080  -1.82753  -2.09850 0.29698E+02   0.30155
  0.85934337E+08   4.99048   3.38824   3.66173   1.34818  -1.46248  -1.82905  -2.09992 0.29725E+02   0.30113
  0.85958060E+08   4.99041   3.38785   3.66185   1.34906  -1.46457  -1.83096  -2.10175 0.29786E+02   0.30063
  0.85986527E+08   4.99032   3.38727   3.66176   1.34927  -1.46699  -1.83314  -2.10380 0.29825E+02   0.30003
  0.86009301E+08   4.99025   3.38676   3.66194   1.35050  -1.46899  -1.83495  -2.10550 0.29857E+02   0.29953
  0.86036630E+08   4.99017   3.38632   3.66207   1.35146  -1.47141  -1.83712  -2.10754 0.29891E+02   0.29894
  0.86069424E+08   4.99007   3.38580   3.66226   1.35274  -1.47431  -1.83978  -2.11007 0.29961E+02   0.29823
  0.86095660E+08   4.98999   3.38511   3.66223   1.35330  -1.47666  -1.84187  -2.11202 0.29980E+02   0.29765
  0.86127142E+08   4.98990   3.38472   3.66254   1.35492  -1.47956  -1.84451  -2.11452 0.30035E+02   0.29694
  0.86164922E+08   4.98978   3.38407   3.66261   1.35583  -1.48302  -1.84767  -2.11752 0.30110E+02   0.29610
  0.86196559E+08   4.98969   3.38337   3.66262   1.35658  -1.48599  -1.85037  -2.12006 0.30156E+02   0.29537
  0.86225634E+08   4.98960   3.38285   3.66279   1.35777  -1.48884  -1.85300  -2.12259 0.30236E+02   0.29468
  0.86253566E+08   4.98952   3.38222   3.66262   1.35770  -1.49159  -1.85551  -2.12496 0.30285E+02   0.29402
  0.86276960E+08   4.98945   3.38176   3.66270   1.35848  -1.49399  -1.85767  -2.12700 0.30310E+02   0.29343
  0.86295675E+08   4.98939   3.38141   3.66291   1.35967  -1.49597  -1.85949  -2.12872 0.30347E+02   0.29295
  0.86318133E+08   4.98932   3.38100   3.66291   1.36006  -1.49832  -1.86158  -2.13065 0.30343E+02   0.29237
  0.86345083E+08   4.98924   3.38075   3.66333   1.36200  -1.50123  -1.86425  -2.13321 0.30395E+02   0.29168
  0.86377423E+08   4.98915   3.38016   3.66333   1.36257  -1.50462  -1.86738  -2.13620 0.30473E+02   0.29086
  0.86403295E+08   4.98907   3.37956   3.66323   1.36276  -1.50741  -1.86992  -2.13859 0.30510E+02   0.29019
  0.86424676E+08   4.98901   3.37920   3.66337   1.36369  -1.50977  -1.87207  -2.14063 0.30542E+02   0.28962
  0.86450334E+08   4.98893   3.37886   3.66348   1.36446  -1.51265  -1.87471  -2.14313 0.30582E+02   0.28893
  0.86481123E+08   4.98884   3.37844   3.66358   1.36524  -1.51612  -1.87787  -2.14611 0.30622E+02   0.28810
  0.86518070E+08   4.98873   3.37800   3.66378   1.36647  -1.52029  -1.88172  -2.14979 0.30707E+02   0.28711
  0.86550954E+08   4.98864   3.37737   3.66368   1.36673  -1.52408  -1.88518  -2.15306 0.30750E+02   0.28621
  0.86577371E+08   4.98856   3.37699   3.66390   1.36795  -1.52727  -1.88809  -2.15578 0.30773E+02   0.28544
  0.86609071E+08   4.98847   3.37668   3.66417   1.36934  -1.53117  -1.89172  -2.15927 0.30862E+02   0.28453
  0.86647111E+08   4.98836   3.37608   3.66396   1.36909  -1.53583  -1.89598  -2.16329 0.30907E+02   0.28342
  0.86677543E+08   4.98827   3.37569   3.66424   1.37061  -1.53978  -1.89959  -2.16670 0.30942E+02   0.28249
  0.86704090E+08   4.98819   3.37535   3.66449   1.37192  -1.54333  -1.90287  -2.16983 0.30998E+02   0.28166
  0.86727309E+08   4.98812   3.37495   3.66449   1.37231  -1.54652  -1.90581  -2.17262 0.31039E+02   0.28091
  0.86755172E+08   4.98804   3.37467   3.66456   1.37289  -1.55042  -1.90938  -2.17599 0.31066E+02   0.28000
  0.86788609E+08   4.98795   3.37440   3.66484   1.37425  -1.55516  -1.91374  -2.18012 0.31112E+02   0.27889
  0.86828732E+08   4.98783   3.37401   3.66504   1.37544  -1.56080  -1.91900  -2.18516 0.31220E+02   0.27759
  0.86864281E+08   4.98773   3.37346   3.66485   1.37523  -1.56597  -1.92374  -2.18963 0.31253E+02   0.27638
  0.86893474E+08   4.98764   3.37327   3.66523   1.37695  -1.57048  -1.92793  -2.19363 0.31321E+02   0.27535
  0.86916829E+08   4.98758   3.37291   3.66520   1.37717  -1.57424  -1.93139  -2.19689 0.31342E+02   0.27448
  0.86944854E+08   4.98750   3.37281   3.66548   1.37837  -1.57887  -1.93568  -2.20098 0.31393E+02   0.27342
  0.86978484E+08   4.98740   3.37251   3.66558   1.37908  -1.58445  -1.94086  -2.20592 0.31463E+02   0.27214
  0.87005389E+08   4.98732   3.37220   3.66564   1.37959  -1.58906  -1.94513  -2.20997 0.31508E+02   0.27108
  0.87037674E+08   4.98723   3.37204   3.66579   1.38035  -1.59480  -1.95045  -2.21502 0.31551E+02   0.26978
  0.87076416E+08   4.98712   3.37187   3.66605   1.38157  -1.60173  -1.95691  -2.22119 0.31637E+02   0.26821
  0.87122907E+08   4.98699   3.37158   3.66609   1.38199  -1.61020  -1.96478  -2.22866 0.31710E+02   0.26630
  0.87160100E+08   4.98688   3.37144   3.66640   1.38338  -1.61746  -1.97154  -2.23510 0.31778E+02   0.26468
  0.87189854E+08   4.98680   3.37134   3.66661   1.38428  -1.62364  -1.97730  -2.24059 0.31841E+02   0.26330
  0.87213657E+08   4.98673   3.37126   3.66673   1.38484  -1.62881  -1.98213  -2.24521 0.31904E+02   0.26215
  0.87232700E+08   4.98668   3.37118   3.66675   1.38499  -1.63306  -1.98612  -2.24903 0.31964E+02   0.26122
  0.87255551E+08   4.98661   3.37109   3.66668   1.38481  -1.63833  -1.99103  -2.25369 0.31994E+02   0.26005
  0.87282972E+08   4.98654   3.37120   3.66696   1.38583  -1.64497  -1.99722  -2.25957 0.32026E+02   0.25859
  0.87315878E+08   4.98644   3.37127   3.66731   1.38716  -1.65288  -2.00468  -2.26672 0.32138E+02   0.25687
  0.87355364E+08   4.98633   3.37110   3.66714   1.38662  -1.66269  -2.01386  -2.27546 0.32197E+02   0.25475
  0.87402749E+08   4.98620   3.37136   3.66758   1.38809  -1.67508  -2.02549  -2.28655 0.32288E+02   0.25209
  0.87440656E+08   4.98609   3.37162   3.66795   1.38934  -1.68570  -2.03549  -2.29611 0.32380E+02   0.24984
  0.87472486E+08   4.98600   3.37188   3.66817   1.38994  -1.69530  -2.04454  -2.30477 0.32472E+02   0.24781
  0.87510683E+08   4.98589   3.37214   3.66827   1.39007  -1.70753  -2.05608  -2.31580 0.32565E+02   0.24525
  0.87556518E+08   4.98576   3.37258   3.66857   1.39082  -1.72322  -2.07090  -2.32997 0.32671E+02   0.24201
  0.87593187E+08   4.98566   3.37323   3.66901   1.39191  -1.73692  -2.08389  -2.34241 0.32781E+02   0.23921
  0.87622522E+08   4.98558   3.37382   3.66924   1.39224  -1.74897  -2.09532  -2.35334 0.32857E+02   0.23678
  0.87645990E+08   4.98551   3.37449   3.66960   1.39300  -1.75935  -2.10519  -2.36282 0.32965E+02   0.23469
  0.87664764E+08   4.98546   3.37487   3.66954   1.39237  -1.76807  -2.11346  -2.37074 0.33008E+02   0.23296
  0.87679784E+08   4.98542   3.37550   3.66989   1.39313  -1.77560  -2.12064  -2.37762 0.33057E+02   0.23148
  0.87691799E+08   4.98538   3.37592   3.67006   1.39338  -1.78191  -2.12664  -2.38337 0.33099E+02   0.23025
  0.87701412E+08   4.98536   3.37629   3.67020   1.39356  -1.78714  -2.13164  -2.38817 0.33136E+02   0.22923
  0.87709102E+08   4.98533   3.37659   3.67028   1.39360  -1.79152  -2.13583  -2.39221 0.33183E+02   0.22838
  0.87715254E+08   4.98532   3.37673   3.67021   1.39318  -1.79488  -2.13903  -2.39526 0.33198E+02   0.22773
  0.87722636E+08   4.98529   3.37704   3.67036   1.39345  -1.79914  -2.14309  -2.39916 0.33218E+02   0.22690
  0.87731495E+08   4.98527   3.37734   3.67050   1.39373  -1.80455  -2.14827  -2.40414 0.33262E+02   0.22587
  0.87742125E+08   4.98524   3.37759   3.67052   1.39355  -1.81101  -2.15443  -2.41004 0.33286E+02   0.22464
  0.87754882E+08   4.98520   3.37810   3.67080   1.39414  -1.81930  -2.16237  -2.41767 0.33334E+02   0.22307
  0.87770190E+08   4.98516   3.37860   3.67098   1.39438  -1.82963  -2.17227  -2.42719 0.33402E+02   0.22113
  0.87782437E+08   4.98512   3.37921   3.67114   1.39441  -1.83827  -2.18058  -2.43519 0.33484E+02   0.21952
  0.87797132E+08   4.98508   3.37963   3.67107   1.39372  -1.84869  -2.19056  -2.44476 0.33514E+02   0.21760
  0.87814767E+08   4.98503   3.38054   3.67157   1.39479  -1.86235  -2.20369  -2.45739 0.33585E+02   0.21511
  0.87835929E+08   4.98497   3.38146   3.67190   1.39518  -1.87985  -2.22056  -2.47363 0.33694E+02   0.21197
  0.87861323E+08   4.98490   3.38260   3.67216   1.39507  -1.90262  -2.24254  -2.49479 0.33810E+02   0.20797
  0.87891796E+08   4.98481   3.38425   3.67268   1.39551  -1.93313  -2.27207  -2.52327 0.33968E+02   0.20275
  0.87916175E+08   4.98474   3.38645   3.67331   1.39580  -1.96071  -2.29885  -2.54911 0.34098E+02   0.19816
  0.87935678E+08   4.98468   3.38856   3.67394   1.39623  -1.98553  -2.32304  -2.57248 0.34234E+02   0.19414
  0.87951280E+08   4.98464   3.39040   3.67434   1.39596  -2.00718  -2.34417  -2.59290 0.34322E+02   0.19073
  0.87963762E+08   4.98460   3.39213   3.67489   1.39644  -2.02628  -2.36288  -2.61101 0.34417E+02   0.18779
  0.87973747E+08   4.98457   3.39357   3.67523   1.39634  -2.04233  -2.37860  -2.62622 0.34466E+02   0.18536
  0.87985730E+08   4.98454   3.39490   3.67573   1.39703  -2.06366  -2.39957  -2.64655 0.34565E+02   0.18221
  0.88000109E+08   4.98449   3.39645   3.67609   1.39692  -2.09118  -2.42669  -2.67285 0.34651E+02   0.17825
  0.88017363E+08   4.98444   3.39857   3.67684   1.39780  -2.12862  -2.46375  -2.70887 0.34817E+02   0.17306
  0.88038069E+08   4.98438   3.40115   3.67741   1.39748  -2.17884  -2.51373  -2.75753 0.34989E+02   0.16647
  0.88062916E+08   4.98431   3.40461   3.67845   1.39815  -2.24811  -2.58324  -2.82543 0.35189E+02   0.15802
  0.88082794E+08   4.98425   3.40907   3.67991   1.39953  -2.31148  -2.64745  -2.88840 0.35366E+02   0.15092
  0.88106647E+08   4.98417   3.41282   3.68109   1.40052  -2.39406  -2.73237  -2.97222 0.35414E+02   0.14261
  0.88120959E+08   4.98413   3.41747   3.68364   1.40606  -2.45247  -2.79316  -3.03253 0.35563E+02   0.13725
  0.88136122E+08   4.98408   3.42013   3.68442   1.40652  -2.51278  -2.85735  -3.09697 0.35509E+02   0.13227
  0.88154319E+08   4.98403   3.42297   3.68656   1.41222  -2.59068  -2.94276  -3.18419 0.35426E+02   0.12657
  0.88176155E+08   4.98396   3.42611   3.68916   1.41946  -2.69470  -3.06312  -3.31153 0.35368E+02   0.12010
  0.88202358E+08   4.98388   3.42945   3.69183   1.42683  -2.80267  -3.19740  -3.46098 0.34909E+02   0.11468
  0.88233802E+08   4.98378   3.43277   3.69714   1.44474  -2.90340  -3.33122  -3.61757 0.34186E+02   0.11046
  0.88258957E+08   4.98371   3.43588   3.70420   1.46985  -2.96111  -3.41229  -3.71675 0.33499E+02   0.10842
  0.88281545E+08   4.98364   3.43797   3.71038   1.49247  -2.99066  -3.45633  -3.77268 0.32735E+02   0.10769
  0.88302165E+08   4.98358   3.43966   3.71683   1.51658  -3.00996  -3.48613  -3.81123 0.32068E+02   0.10733
  0.88320518E+08   4.98353   3.44110   3.72253   1.53795  -3.02283  -3.50668  -3.83818 0.31505E+02   0.10718
  0.88336781E+08   4.98349   3.44232   3.72742   1.55629  -3.03245  -3.52233  -3.85888 0.31039E+02   0.10710
  0.88351798E+08   4.98345   3.44337   3.73154   1.57171  -3.03971  -3.53449  -3.87509 0.30628E+02   0.10708
  0.88366083E+08   4.98341   3.44431   3.73523   1.58552  -3.04547  -3.54441  -3.88844 0.30253E+02   0.10711
  0.88383226E+08   4.98336   3.44520   3.73865   1.59831  -3.05159  -3.55514  -3.90298 0.29829E+02   0.10715
  0.88393511E+08   4.98334   3.44621   3.74257   1.61296  -3.05521  -3.56147  -3.91155 0.29588E+02   0.10717
  0.88405854E+08   4.98330   3.44682   3.74484   1.62142  -3.05913  -3.56847  -3.92109 0.29308E+02   0.10721
  0.88420665E+08   4.98327   3.44753   3.74749   1.63133  -3.06287  -3.57547  -3.93074 0.28980E+02   0.10729
  0.88429552E+08   4.98324   3.44837   3.75064   1.64309  -3.06517  -3.57975  -3.93663 0.28791E+02   0.10733
  0.88440216E+08   4.98322   3.44887   3.75248   1.64993  -3.06754  -3.58431  -3.94297 0.28568E+02   0.10739
  0.88453012E+08   4.98319   3.44946   3.75467   1.65809  -3.07044  -3.58985  -3.95066 0.28312E+02   0.10746
  0.88468369E+08   4.98315   3.45016   3.75721   1.66755  -3.07351  -3.59587  -3.95909 0.28016E+02   0.10755
  0.88477582E+08   4.98313   3.45097   3.76018   1.67861  -3.07496  -3.59893  -3.96344 0.27839E+02   0.10762
  0.88488639E+08   4.98310   3.45145   3.76195   1.68524  -3.07691  -3.60289  -3.96902 0.27638E+02   0.10769
  0.88501906E+08   4.98307   3.45203   3.76402   1.69292  -3.07892  -3.60715  -3.97508 0.27401E+02   0.10778
  0.88509867E+08   4.98305   3.45271   3.76647   1.70202  -3.08009  -3.60964  -3.97865 0.27262E+02   0.10784
  0.88519420E+08   4.98303   3.45311   3.76791   1.70740  -3.08140  -3.61249  -3.98274 0.27098E+02   0.10791
  0.88530883E+08   4.98300   3.45359   3.76963   1.71378  -3.08299  -3.61593  -3.98766 0.26907E+02   0.10798
  0.88544639E+08   4.98297   3.45416   3.77164   1.72127  -3.08460  -3.61962  -3.99303 0.26684E+02   0.10809
  0.88552893E+08   4.98295   3.45483   3.77402   1.73013  -3.08550  -3.62173  -3.99610 0.26553E+02   0.10815
  0.88562797E+08   4.98293   3.45523   3.77544   1.73538  -3.08652  -3.62417  -3.99967 0.26398E+02   0.10822
  0.88574682E+08   4.98290   3.45571   3.77711   1.74160  -3.08788  -3.62727  -4.00419 0.26219E+02   0.10830
  0.88588944E+08   4.98287   3.45627   3.77907   1.74886  -3.08907  -3.63035  -4.00878 0.26008E+02   0.10842
  0.88597502E+08   4.98285   3.45694   3.78140   1.75753  -3.08986  -3.63230  -4.01166 0.25884E+02   0.10848
  0.88607770E+08   4.98282   3.45733   3.78278   1.76261  -3.09063  -3.63439  -4.01479 0.25738E+02   0.10856
  0.88620093E+08   4.98280   3.45781   3.78441   1.76869  -3.09163  -3.63699  -4.01868 0.25568E+02   0.10865
  0.88627486E+08   4.98278   3.45837   3.78633   1.77581  -3.09222  -3.63853  -4.02098 0.25467E+02   0.10871
  0.88636359E+08   4.98276   3.45870   3.78748   1.78004  -3.09286  -3.64026  -4.02359 0.25349E+02   0.10877
  0.88647005E+08   4.98274   3.45911   3.78884   1.78508  -3.09345  -3.64209  -4.02640 0.25207E+02   0.10886
  0.88659781E+08   4.98271   3.45958   3.79046   1.79111  -3.09426  -3.64442  -4.02996 0.25043E+02   0.10896
  0.88667447E+08   4.98269   3.46014   3.79237   1.79817  -3.09481  -3.64590  -4.03220 0.24947E+02   0.10901
  0.88676646E+08   4.98267   3.46048   3.79349   1.80233  -3.09531  -3.64745  -4.03458 0.24832E+02   0.10908
  0.88687684E+08   4.98265   3.46088   3.79484   1.80732  -3.09574  -3.64906  -4.03713 0.24695E+02   0.10917
  0.88700930E+08   4.98262   3.46136   3.79645   1.81329  -3.09659  -3.65143  -4.04074 0.24539E+02   0.10926
  0.88708878E+08   4.98260   3.46192   3.79832   1.82019  -3.09691  -3.65259  -4.04257 0.24445E+02   0.10932
  0.88718415E+08   4.98258   3.46225   3.79945   1.82435  -3.09730  -3.65399  -4.04477 0.24335E+02   0.10939
  0.88729860E+08   4.98256   3.46266   3.80078   1.82929  -3.09763  -3.65544  -4.04712 0.24203E+02   0.10948
  0.88743593E+08   4.98253   3.46314   3.80238   1.83519  -3.09825  -3.65749  -4.05034 0.24052E+02   0.10958
  0.88751834E+08   4.98252   3.46370   3.80423   1.84204  -3.09861  -3.65869  -4.05223 0.23963E+02   0.10964
  0.88761722E+08   4.98249   3.46404   3.80533   1.84611  -3.09891  -3.65996  -4.05427 0.23856E+02   0.10971
  0.88773588E+08   4.98247   3.46444   3.80665   1.85099  -3.09915  -3.66129  -4.05647 0.23729E+02   0.10980
  0.88787827E+08   4.98244   3.46492   3.80823   1.85681  -3.09971  -3.66325  -4.05958 0.23584E+02   0.10990
  0.88804914E+08   4.98241   3.46549   3.81006   1.86357  -3.10015  -3.66525  -4.06286 0.23413E+02   0.11002
  0.88825418E+08   4.98237   3.46615   3.81222   1.87155  -3.10063  -3.66755  -4.06663 0.23217E+02   0.11016
  0.88850023E+08   4.98232   3.46693   3.81474   1.88084  -3.10100  -3.66994  -4.07067 0.22991E+02   0.11033
  0.88864786E+08   4.98229   3.46785   3.81767   1.89164  -3.10119  -3.67131  -4.07301 0.22860E+02   0.11043
  0.88882501E+08   4.98225   3.46841   3.81941   1.89803  -3.10145  -3.67299  -4.07586 0.22705E+02   0.11054
  0.88903760E+08   4.98221   3.46908   3.82147   1.90559  -3.10166  -3.67485  -4.07906 0.22524E+02   0.11068
  0.88929271E+08   4.98216   3.46986   3.82390   1.91453  -3.10196  -3.67708  -4.08291 0.22315E+02   0.11084
  0.88944577E+08   4.98213   3.47078   3.82672   1.92491  -3.10202  -3.67824  -4.08498 0.22192E+02   0.11094
  0.88962944E+08   4.98210   3.47134   3.82842   1.93114  -3.10196  -3.67946  -4.08724 0.22045E+02   0.11107
  0.88984985E+08   4.98206   3.47202   3.83046   1.93860  -3.10216  -3.68127  -4.09041 0.21876E+02   0.11120
  0.89011435E+08   4.98201   3.47280   3.83283   1.94729  -3.10219  -3.68309  -4.09374 0.21679E+02   0.11136
  0.89043174E+08   4.98195   3.47371   3.83560   1.95748  -3.10212  -3.68506  -4.09743 0.21455E+02   0.11155
  0.89071452E+08   4.98190   3.47478   3.83882   1.96926  -3.10198  -3.68667  -4.10051 0.21262E+02   0.11172
  0.89105386E+08   4.98183   3.47574   3.84163   1.97954  -3.10181  -3.68850  -4.10406 0.21041E+02   0.11192
  0.89146107E+08   4.98176   3.47686   3.84490   1.99148  -3.10153  -3.69052  -4.10805 0.20791E+02   0.11214
  0.89194972E+08   4.98167   3.47816   3.84866   2.00523  -3.10107  -3.69259  -4.11231 0.20512E+02   0.11239
  0.89224291E+08   4.98162   3.47967   3.85295   2.02089  -3.10082  -3.69388  -4.11494 0.20345E+02   0.11254
  0.89259474E+08   4.98156   3.48065   3.85557   2.03037  -3.10037  -3.69523  -4.11787 0.20146E+02   0.11273
  0.89301693E+08   4.98149   3.48178   3.85872   2.04182  -3.09982  -3.69676  -4.12125 0.19918E+02   0.11295
  0.89352357E+08   4.98140   3.48308   3.86236   2.05508  -3.09906  -3.69831  -4.12487 0.19662E+02   0.11320
  0.89413152E+08   4.98130   3.48458   3.86652   2.07023  -3.09812  -3.69990  -4.12876 0.19381E+02   0.11348
  0.89467319E+08   4.98121   3.48632   3.87122   2.08729  -3.09722  -3.70115  -4.13198 0.19141E+02   0.11372
  0.89532320E+08   4.98111   3.48789   3.87533   2.10215  -3.09602  -3.70239  -4.13547 0.18867E+02   0.11401
  0.89610320E+08   4.98098   3.48972   3.88011   2.11943  -3.09462  -3.70360  -4.13915 0.18572E+02   0.11432
  0.89703920E+08   4.98084   3.49179   3.88541   2.13855  -3.09290  -3.70465  -4.14284 0.18254E+02   0.11466
  0.89788213E+08   4.98071   3.49421   3.89133   2.15978  -3.09116  -3.70529  -4.14580 0.17973E+02   0.11497
  0.89869530E+08   4.98058   3.49644   3.89669   2.17899  -3.08927  -3.70559  -4.14829 0.17705E+02   0.11527
  0.89949223E+08   4.98046   3.49857   3.90187   2.19758  -3.08724  -3.70558  -4.15032 0.17452E+02   0.11558
  0.90028415E+08   4.98035   3.50062   3.90687   2.21550  -3.08513  -3.70531  -4.15194 0.17212E+02   0.11587
  0.90123446E+08   4.98021   3.50260   3.91169   2.23278  -3.08272  -3.70478  -4.15338 0.16959E+02   0.11619
  0.90237482E+08   4.98005   3.50483   3.91694   2.25155  -3.08004  -3.70399  -4.15464 0.16697E+02   0.11652
  0.90341274E+08   4.97990   3.50740   3.92265   2.27182  -3.07752  -3.70305  -4.15546 0.16466E+02   0.11682
  0.90443005E+08   4.97976   3.50978   3.92780   2.29000  -3.07484  -3.70182  -4.15587 0.16243E+02   0.11712
  0.90543862E+08   4.97963   3.51209   3.93286   2.30795  -3.07230  -3.70051  -4.15602 0.16043E+02   0.11739
  0.90664892E+08   4.97947   3.51427   3.93752   2.32439  -3.06942  -3.69891  -4.15596 0.15831E+02   0.11769
  0.90810127E+08   4.97928   3.51680   3.94274   2.34271  -3.06685  -3.69748  -4.15597 0.15635E+02   0.11794
  0.90945806E+08   4.97910   3.51963   3.94790   2.36050  -3.06413  -3.69581  -4.15566 0.15448E+02   0.11820
  0.91081408E+08   4.97893   3.52238   3.95300   2.37814  -3.06159  -3.69416  -4.15522 0.15275E+02   0.11844
  0.91244132E+08   4.97872   3.52503   3.95777   2.39457  -3.05925  -3.69264  -4.15487 0.15123E+02   0.11864
  0.91439399E+08   4.97848   3.52801   3.96265   2.41108  -3.05750  -3.69162  -4.15493 0.14981E+02   0.11878
  0.91673721E+08   4.97819   3.53147   3.96747   2.42686  -3.05676  -3.69146  -4.15568 0.14911E+02   0.11882
  0.91954906E+08   4.97784   3.53541   3.97192   2.44073  -3.05805  -3.69311  -4.15791 0.14941E+02   0.11865
  0.92292329E+08   4.97743   3.53992   3.97532   2.44977  -3.05838  -3.69397  -4.15969 0.14864E+02   0.11856
  0.92697236E+08   4.97693   3.54543   3.98042   2.46464  -3.06896  -3.70393  -4.16864 0.15380E+02   0.11751
  0.93046903E+08   4.97649   3.55119   3.97782   2.44841  -3.08148  -3.71545  -4.17862 0.16038E+02   0.11629
  0.93358534E+08   4.97609   3.55636   3.97309   2.42431  -3.07934  -3.71422  -4.17882 0.15812E+02   0.11643
  0.93496459E+08   4.97591   3.56171   3.98002   2.44664  -3.08517  -3.71951  -4.18327 0.16174E+02   0.11587
  0.93648833E+08   4.97571   3.56337   3.97712   2.43335  -3.09702  -3.72994  -4.19159 0.16880E+02   0.11475
  0.93781004E+08   4.97564   3.56527   3.96969   2.40174  -3.10993  -3.74097  -4.20004 0.17692E+02   0.11352
  0.93834993E+08   4.97561   3.56691   3.96100   2.36531  -3.11582  -3.74586  -4.20363 0.18092E+02   0.11295
  0.93892956E+08   4.97558   3.56755   3.95683   2.34801  -3.12327  -3.75186  -4.20783 0.18623E+02   0.11223
  0.93947412E+08   4.97555   3.56808   3.95119   2.32491  -3.13131  -3.75811  -4.21194 0.19231E+02   0.11143
  0.93997839E+08   4.97553   3.56851   3.94478   2.29883  -3.13963  -3.76427  -4.21565 0.19903E+02   0.11059
  0.94042257E+08   4.97550   3.56882   3.93779   2.27053  -3.14764  -3.76985  -4.21858 0.20606E+02   0.10976
  0.94080774E+08   4.97548   3.56899   3.93061   2.24165  -3.15509  -3.77462  -4.22056 0.21323E+02   0.10895
  0.94114112E+08   4.97546   3.56903   3.92345   2.21298  -3.16187  -3.77851  -4.22154 0.22047E+02   0.10819
  0.94143101E+08   4.97544   3.56895   3.91639   2.18482  -3.16797  -3.78154  -4.22156 0.22776E+02   0.10746
  0.94168478E+08   4.97542   3.56877   3.90945   2.15725  -3.17341  -3.78372  -4.22064 0.23510E+02   0.10676
  0.94190845E+08   4.97541   3.56851   3.90263   2.13021  -3.17826  -3.78514  -4.21886 0.24253E+02   0.10610
  0.94210670E+08   4.97539   3.56816   3.89590   2.10363  -3.18255  -3.78584  -4.21630 0.25007E+02   0.10546
  0.94228328E+08   4.97538   3.56774   3.88924   2.07743  -3.18631  -3.78586  -4.21298 0.25770E+02   0.10485
  0.94244124E+08   4.97537   3.56725   3.88266   2.05157  -3.18956  -3.78523  -4.20896 0.26546E+02   0.10427
  0.94258306E+08   4.97536   3.56669   3.87613   2.02601  -3.19231  -3.78399  -4.20427 0.27336E+02   0.10370
  0.94271076E+08   4.97535   3.56607   3.86964   2.00069  -3.19461  -3.78217  -4.19895 0.28140E+02   0.10316
  0.94282604E+08   4.97534   3.56540   3.86320   1.97559  -3.19647  -3.77981  -4.19306 0.28960E+02   0.10263
  0.94293037E+08   4.97533   3.56466   3.85679   1.95070  -3.19790  -3.77695  -4.18664 0.29796E+02   0.10212
  0.94302498E+08   4.97532   3.56388   3.85042   1.92601  -3.19891  -3.77358  -4.17968 0.30648E+02   0.10163
  0.94311097E+08   4.97532   3.56304   3.84409   1.90150  -3.19948  -3.76970  -4.17220 0.31517E+02   0.10115
  0.94318930E+08   4.97531   3.56215   3.83779   1.87719  -3.19963  -3.76533  -4.16419 0.32403E+02   0.10069
  0.94326080E+08   4.97530   3.56122   3.83152   1.85306  -3.19933  -3.76042  -4.15562 0.33305E+02   0.10025
  0.94332622E+08   4.97530   3.56023   3.82529   1.82912  -3.19853  -3.75494  -4.14641 0.34224E+02   0.09983
  0.94338621E+08   4.97529   3.55921   3.81910   1.80538  -3.19715  -3.74876  -4.13644 0.35169E+02   0.09944
  0.94344126E+08   4.97529   3.55806   3.81290   1.78175  -3.19523  -3.74195  -4.12576 0.36144E+02   0.09906
  0.94349166E+08   4.97528   3.55678   3.80666   1.75804  -3.19258  -3.73420  -4.11398 0.37147E+02   0.09872
  0.94353766E+08   4.97528   3.55538   3.80037   1.73429  -3.18932  -3.72571  -4.10136 0.38181E+02   0.09840
  0.94357953E+08   4.97527   3.55388   3.79405   1.71050  -3.18545  -3.71649  -4.08791 0.39241E+02   0.09810
  0.94361760E+08   4.97527   3.55230   3.78772   1.68676  -3.18098  -3.70658  -4.07368 0.40322E+02   0.09782
  0.94365225E+08   4.97527   3.55068   3.78142   1.66317  -3.17568  -3.69565  -4.05826 0.41418E+02   0.09758
  0.94368391E+08   4.97526   3.54900   3.77518   1.63991  -3.16972  -3.68395  -4.04197 0.42532E+02   0.09737
  0.94371232E+08   4.97526   3.54729   3.76900   1.61690  -3.16310  -3.67155  -4.02492 0.43634E+02   0.09721
  0.94373820E+08   4.97526   3.54557   3.76302   1.59471  -3.15586  -3.65847  -4.00711 0.44738E+02   0.09707
  0.94376253E+08   4.97525   3.54382   3.75717   1.57306  -3.14753  -3.64399  -3.98760 0.45872E+02   0.09698
  0.94378532E+08   4.97525   3.54201   3.75130   1.55136  -3.13764  -3.62745  -3.96559 0.47021E+02   0.09695
  0.94380670E+08   4.97525   3.54012   3.74547   1.52996  -3.12706  -3.61007  -3.94262 0.48203E+02   0.09695
  0.94382676E+08   4.97525   3.53816   3.73961   1.50846  -3.11485  -3.59060  -3.91712 0.49398E+02   0.09702
  0.94384559E+08   4.97525   3.53612   3.73380   1.48727  -3.10014  -3.56783  -3.88761 0.50584E+02   0.09720
  0.94386342E+08   4.97524   3.53400   3.72815   1.46678  -3.08432  -3.54372  -3.85659 0.51805E+02   0.09743
  0.94388035E+08   4.97524   3.53179   3.72244   1.44617  -3.06465  -3.51456  -3.81952 0.52998E+02   0.09783
  0.94389652E+08   4.97524   3.52947   3.71696   1.42654  -3.04170  -3.48122  -3.77761 0.54183E+02   0.09838
  0.94391217E+08   4.97524   3.52702   3.71158   1.40748  -3.01203  -3.43932  -3.72588 0.55291E+02   0.09925
  0.94392759E+08   4.97524   3.52440   3.70657   1.39008  -2.97310  -3.38611  -3.66176 0.56280E+02   0.10058
  0.94394611E+08   4.97523   3.52153   3.70206   1.37491  -2.90969  -3.30270  -3.56428 0.57216E+02   0.10309
  0.94396833E+08   4.97523   3.51762   3.69758   1.36089  -2.81746  -3.18668  -3.43351 0.58158E+02   0.10724
  0.94399499E+08   4.97523   3.51208   3.69275   1.34712  -2.68837  -3.03381  -3.26872 0.59018E+02   0.11419
  0.94401956E+08   4.97523   3.50392   3.68768   1.33499  -2.56421  -2.89725  -3.12876 0.59448E+02   0.12266
  0.94404294E+08   4.97522   3.49497   3.68408   1.32955  -2.45131  -2.77988  -3.01249 0.59754E+02   0.13224
  0.94406415E+08   4.97522   3.48511   3.68079   1.32624  -2.34551  -2.67295  -2.90805 0.59634E+02   0.14293
  0.94408211E+08   4.97522   3.47519   3.67913   1.32950  -2.25946  -2.58723  -2.82488 0.59788E+02   0.15276
  0.94409660E+08   4.97522   3.46554   3.67660   1.32903  -2.18632  -2.51504  -2.75503 0.59587E+02   0.16203
  0.94410820E+08   4.97522   3.45815   3.67595   1.33382  -2.13098  -2.46082  -2.70277 0.59727E+02   0.16954
  0.94411747E+08   4.97522   3.45128   3.67416   1.33354  -2.08425  -2.41515  -2.65870 0.59611E+02   0.17629
  0.94412489E+08   4.97522   3.44702   3.67392   1.33686  -2.04955  -2.38147  -2.62635 0.59772E+02   0.18151
  0.94413083E+08   4.97522   3.44239   3.67251   1.33586  -2.01898  -2.35168  -2.59756 0.59636E+02   0.18627
  0.94413558E+08   4.97522   3.44088   3.67293   1.33902  -1.99754  -2.33104  -2.57784 0.59811E+02   0.18971
  0.94413938E+08   4.97522   3.43719   3.67159   1.33737  -1.97828  -2.31233  -2.55975 0.59764E+02   0.19284
  0.94414241E+08   4.97522   3.43687   3.67187   1.33879  -1.96495  -2.29957  -2.54761 0.59909E+02   0.19507
  0.94414485E+08   4.97522   3.43409   3.67079   1.33725  -1.95252  -2.28747  -2.53587 0.59873E+02   0.19714
  0.94414679E+08   4.97522   3.43468   3.67117   1.33817  -1.94391  -2.27926  -2.52806 0.59955E+02   0.19861
  0.94414912E+08   4.97522   3.43275   3.67048   1.33736  -1.93185  -2.26752  -2.51668 0.59912E+02   0.20066
  0.94415193E+08   4.97522   3.43353   3.67095   1.33847  -1.91930  -2.25556  -2.50530 0.60037E+02   0.20286
  0.94415529E+08   4.97522   3.43098   3.67004   1.33737  -1.90262  -2.23945  -2.48974 0.60046E+02   0.20578
  0.94415932E+08   4.97522   3.43104   3.67020   1.33794  -1.88434  -2.22202  -2.47313 0.60233E+02   0.20906
  0.94416416E+08   4.97522   3.42841   3.66906   1.33601  -1.86028  -2.19884  -2.45076 0.60264E+02   0.21342
  0.94416997E+08   4.97522   3.42891   3.66930   1.33648  -1.83336  -2.17318  -2.42622 0.60517E+02   0.21845
  0.94417694E+08   4.97522   3.42692   3.66815   1.33385  -1.80043  -2.14173  -2.39602 0.60793E+02   0.22473
  0.94418530E+08   4.97522   3.42729   3.66753   1.33101  -1.76269  -2.10590  -2.36174 0.61363E+02   0.23216
  0.94419534E+08   4.97521   3.42790   3.66597   1.32415  -1.71841  -2.06385  -2.32136 0.62107E+02   0.24113
  0.94420738E+08   4.97521   3.43329   3.66502   1.31496  -1.67063  -2.01874  -2.27810 0.63448E+02   0.25117
  0.94421701E+08   4.97521   3.44268   3.66306   1.29774  -1.63718  -1.98724  -2.24783 0.64815E+02   0.25840
  0.94422510E+08   4.97521   3.45418   3.66152   1.28009  -1.61193  -1.96340  -2.22476 0.65998E+02   0.26395
  0.94423221E+08   4.97521   3.46699   3.66095   1.26498  -1.59279  -1.94542  -2.20741 0.67151E+02   0.26824
  0.94423863E+08   4.97521   3.47807   3.66003   1.25023  -1.57799  -1.93158  -2.19406 0.68301E+02   0.27161
  0.94424454E+08   4.97521   3.48786   3.65884   1.23566  -1.56579  -1.92010  -2.18290 0.69328E+02   0.27439
  0.94425006E+08   4.97521   3.49791   3.65810   1.22268  -1.55660  -1.91167  -2.17486 0.70435E+02   0.27656
  0.94425529E+08   4.97521   3.50494   3.65637   1.20871  -1.54790  -1.90333  -2.16659 0.71267E+02   0.27854
  0.94426029E+08   4.97521   3.51512   3.65628   1.19819  -1.54161  -1.89757  -2.16108 0.72179E+02   0.28004
  0.94426512E+08   4.97521   3.52111   3.65490   1.18666  -1.53538  -1.89153  -2.15502 0.72842E+02   0.28145
  0.94426984E+08   4.97521   3.53001   3.65499   1.17815  -1.53109  -1.88762  -2.15128 0.73591E+02   0.28249
  0.94427448E+08   4.97521   3.53482   3.65379   1.16854  -1.52650  -1.88308  -2.14663 0.74085E+02   0.28352
  0.94427908E+08   4.97521   3.54283   3.65415   1.16195  -1.52367  -1.88052  -2.14419 0.74689E+02   0.28421
  0.94428460E+08   4.97521   3.54651   3.65308   1.15401  -1.52023  -1.87710  -2.14066 0.75183E+02   0.28498
  0.94429123E+08   4.97520   3.55351   3.65313   1.14717  -1.51797  -1.87499  -2.13857 0.75797E+02   0.28551
  0.94429919E+08   4.97520   3.55843   3.65226   1.13880  -1.51592  -1.87281  -2.13619 0.76205E+02   0.28593
  0.94430874E+08   4.97520   3.56523   3.65244   1.13272  -1.51569  -1.87243  -2.13566 0.76564E+02   0.28594
  0.94432019E+08   4.97520   3.56981   3.65225   1.12739  -1.51749  -1.87396  -2.13698 0.76808E+02   0.28545
  0.94433394E+08   4.97520   3.57266   3.65207   1.12380  -1.52203  -1.87815  -2.14099 0.77018E+02   0.28434
  0.94435044E+08   4.97519   3.57248   3.65142   1.12137  -1.52823  -1.88365  -2.14608 0.76686E+02   0.28276
  0.94437023E+08   4.97519   3.57176   3.65238   1.12594  -1.53751  -1.89229  -2.15443 0.76352E+02   0.28052
  0.94439399E+08   4.97518   3.56639   3.65237   1.13128  -1.54768  -1.90160  -2.16331 0.75574E+02   0.27804
  0.94442250E+08   4.97518   3.56072   3.65367   1.14213  -1.55900  -1.91226  -2.17371 0.74988E+02   0.27538
