#     AGE           MASS      LOGL     LOGTEFF    LOG G     LOGK2     LOGK3     LOGK4      APOT        BETA
  0.75421885E+06   6.99995   3.31451   4.40016   4.52259  -1.79993  -2.46109  -2.93309 0.13957E+01   0.28557
  0.86467621E+06   6.99994   3.31509   4.39969   4.52014  -1.80098  -2.46214  -2.93414 0.13966E+01   0.28541
  0.99722503E+06   6.99993   3.31579   4.39926   4.51772  -1.80214  -2.46329  -2.93528 0.13976E+01   0.28524
  0.11562836E+07   6.99992   3.31662   4.39887   4.51531  -1.80343  -2.46455  -2.93653 0.13988E+01   0.28504
  0.13471539E+07   6.99991   3.31763   4.39852   4.51290  -1.80488  -2.46596  -2.93793 0.14001E+01   0.28482
  0.15761983E+07   6.99990   3.31885   4.39821   4.51044  -1.80655  -2.46757  -2.93951 0.14017E+01   0.28456
  0.18510515E+07   6.99988   3.32034   4.39794   4.50789  -1.80849  -2.46943  -2.94132 0.14035E+01   0.28426
  0.21808754E+07   6.99986   3.32214   4.39771   4.50516  -1.81076  -2.47159  -2.94343 0.14056E+01   0.28391
  0.25766641E+07   6.99984   3.32432   4.39751   4.50216  -1.81345  -2.47414  -2.94591 0.14081E+01   0.28350
  0.30516105E+07   6.99981   3.32696   4.39732   4.49876  -1.81666  -2.47718  -2.94886 0.14112E+01   0.28300
  0.36215461E+07   6.99978   3.33017   4.39713   4.49480  -1.82052  -2.48082  -2.95240 0.14149E+01   0.28241
  0.43054690E+07   6.99974   3.33407   4.39693   4.49009  -1.82521  -2.48523  -2.95668 0.14194E+01   0.28169
  0.51261763E+07   6.99969   3.33882   4.39669   4.48439  -1.83091  -2.49058  -2.96187 0.14250E+01   0.28081
  0.61110252E+07   6.99963   3.34462   4.39639   4.47740  -1.83788  -2.49712  -2.96821 0.14318E+01   0.27973
  0.72928438E+07   6.99955   3.35172   4.39601   4.46876  -1.84646  -2.50515  -2.97599 0.14404E+01   0.27841
  0.87110261E+07   6.99946   3.36046   4.39550   4.45797  -1.85709  -2.51506  -2.98559 0.14511E+01   0.27678
  0.10412845E+08   6.99934   3.37129   4.39480   4.44434  -1.87034  -2.52740  -2.99755 0.14648E+01   0.27474
  0.12455028E+08   6.99920   3.38485   4.39382   4.42687  -1.88709  -2.54294  -3.01261 0.14826E+01   0.27217
  0.14905647E+08   6.99902   3.40198   4.39241   4.40407  -1.90850  -2.56274  -3.03180 0.15060E+01   0.26888
  0.17846389E+08   6.99878   3.42383   4.39030   4.37376  -1.93622  -2.58829  -3.05658 0.15376E+01   0.26464
  0.21375281E+08   6.99848   3.45200   4.38703   4.33247  -1.97265  -2.62174  -3.08908 0.15818E+01   0.25908
  0.24278617E+08   6.99820   3.47694   4.38349   4.29338  -2.00563  -2.65193  -3.11846 0.16245E+01   0.25405
  0.26774462E+08   6.99793   3.49998   4.37962   4.25483  -2.03665  -2.68026  -3.14605 0.16676E+01   0.24932
  0.28956961E+08   6.99767   3.52167   4.37534   4.21601  -2.06659  -2.70769  -3.17289 0.17119E+01   0.24476
  0.30875004E+08   6.99742   3.54191   4.37075   4.17739  -2.09511  -2.73384  -3.19854 0.17569E+01   0.24042
  0.32565171E+08   6.99718   3.56062   4.36594   4.13942  -2.12200  -2.75858  -3.22289 0.18021E+01   0.23634
  0.34064330E+08   6.99695   3.57811   4.36088   4.10168  -2.14764  -2.78224  -3.24626 0.18482E+01   0.23245
  0.35398997E+08   6.99672   3.59458   4.35554   4.06385  -2.17230  -2.80510  -3.26891 0.18954E+01   0.22872
  0.36584793E+08   6.99651   3.61012   4.34995   4.02593  -2.19604  -2.82723  -3.29091 0.19438E+01   0.22513
  0.37634143E+08   6.99630   3.62473   4.34414   3.98807  -2.21888  -2.84861  -3.31225 0.19934E+01   0.22168
  0.38559530E+08   6.99610   3.63834   4.33824   3.95085  -2.24058  -2.86905  -3.33274 0.20435E+01   0.21843
  0.39376302E+08   6.99591   3.65091   4.33242   3.91497  -2.26095  -2.88835  -3.35215 0.20936E+01   0.21537
  0.40103561E+08   6.99573   3.66260   4.32676   3.88066  -2.28011  -2.90660  -3.37057 0.21436E+01   0.21252
  0.40760718E+08   6.99556   3.67365   4.32141   3.84819  -2.29823  -2.92393  -3.38812 0.21938E+01   0.20982
  0.41366444E+08   6.99539   3.68440   4.31662   3.81827  -2.31548  -2.94048  -3.40490 0.22452E+01   0.20725
  0.41942810E+08   6.99522   3.69545   4.31312   3.79320  -2.33189  -2.95619  -3.42081 0.22981E+01   0.20481
  0.42474555E+08   6.99505   3.70741   4.31401   3.78481  -2.34535  -2.96876  -3.43330 0.23489E+01   0.20273
  0.42687253E+08   6.99498   3.71422   4.31896   3.79779  -2.34890  -2.97165  -3.43585 0.23684E+01   0.20210
  0.42784145E+08   6.99495   3.71923   4.32453   3.81505  -2.34974  -2.97194  -3.43576 0.23778E+01   0.20188
  0.42831609E+08   6.99493   3.72333   4.32931   3.83008  -2.35025  -2.97200  -3.43550 0.23848E+01   0.20172
  0.42882844E+08   6.99492   3.73103   4.33861   3.85956  -2.35096  -2.97187  -3.43478 0.23971E+01   0.20147
  0.42903595E+08   6.99491   3.73847   4.34485   3.87710  -2.35420  -2.97440  -3.43692 0.24162E+01   0.20087
  0.42923442E+08   6.99490   3.75138   4.35300   3.89677  -2.36245  -2.98142  -3.44339 0.24643E+01   0.19944
  0.42939320E+08   6.99490   3.75871   4.35220   3.88623  -2.37279  -2.99062  -3.45250 0.25557E+01   0.19757
  0.42945671E+08   6.99490   3.75519   4.34759   3.87134  -2.37329  -2.99102  -3.45310 0.25969E+01   0.19733
  0.42950752E+08   6.99490   3.75043   4.34127   3.85080  -2.37390  -2.99167  -3.45406 0.26350E+01   0.19712
  0.42954817E+08   6.99489   3.74785   4.33513   3.82884  -2.37685  -2.99465  -3.45737 0.26753E+01   0.19660
  0.42958180E+08   6.99489   3.74754   4.32965   3.80722  -2.38179  -2.99959  -3.46263 0.27176E+01   0.19584
  0.42961338E+08   6.99489   3.74911   4.32434   3.78438  -2.38869  -3.00653  -3.46990 0.27655E+01   0.19483
  0.42964423E+08   6.99489   3.75225   4.31911   3.76032  -2.39726  -3.01517  -3.47892 0.28186E+01   0.19360
  0.42967434E+08   6.99489   3.75645   4.31402   3.73579  -2.40686  -3.02489  -3.48906 0.28749E+01   0.19226
  0.42970394E+08   6.99489   3.76121   4.30907   3.71121  -2.41698  -3.03518  -3.49979 0.29332E+01   0.19087
  0.42973325E+08   6.99489   3.76620   4.30421   3.68680  -2.42726  -3.04568  -3.51076 0.29924E+01   0.18947
  0.42976247E+08   6.99489   3.77117   4.29942   3.66266  -2.43747  -3.05614  -3.52172 0.30524E+01   0.18810
  0.42979755E+08   6.99488   3.77688   4.29374   3.63422  -2.44940  -3.06842  -3.53461 0.31249E+01   0.18651
  0.42983963E+08   6.99488   3.78318   4.28699   3.60093  -2.46309  -3.08257  -3.54952 0.32121E+01   0.18470
  0.42987525E+08   6.99488   3.78802   4.28129   3.57330  -2.47414  -3.09406  -3.56166 0.32863E+01   0.18325
  0.42990819E+08   6.99488   3.79210   4.27603   3.54816  -2.48396  -3.10431  -3.57253 0.33556E+01   0.18198
  0.42993997E+08   6.99488   3.79569   4.27094   3.52421  -2.49308  -3.11388  -3.58270 0.34229E+01   0.18080
  0.42997122E+08   6.99488   3.79892   4.26591   3.50087  -2.50177  -3.12303  -3.59246 0.34899E+01   0.17969
  0.43000220E+08   6.99487   3.80188   4.26089   3.47785  -2.51017  -3.13190  -3.60194 0.35575E+01   0.17862
  0.43003300E+08   6.99487   3.80458   4.25586   3.45502  -2.51833  -3.14056  -3.61122 0.36258E+01   0.17759
  0.43006362E+08   6.99487   3.80706   4.25080   3.43230  -2.52630  -3.14906  -3.62034 0.36953E+01   0.17659
  0.43009402E+08   6.99487   3.80935   4.24571   3.40966  -2.53412  -3.15743  -3.62934 0.37661E+01   0.17562
  0.43012414E+08   6.99487   3.81145   4.24059   3.38707  -2.54180  -3.16568  -3.63823 0.38383E+01   0.17467
  0.43015394E+08   6.99487   3.81339   4.23544   3.36452  -2.54937  -3.17384  -3.64702 0.39120E+01   0.17374
  0.43018335E+08   6.99486   3.81518   4.23026   3.34202  -2.55682  -3.18191  -3.65572 0.39873E+01   0.17284
  0.43021232E+08   6.99486   3.81681   4.22505   3.31955  -2.56417  -3.18989  -3.66434 0.40642E+01   0.17195
  0.43024081E+08   6.99486   3.81830   4.21982   3.29712  -2.57143  -3.19780  -3.67288 0.41428E+01   0.17108
  0.43026876E+08   6.99486   3.81966   4.21456   3.27473  -2.57861  -3.20564  -3.68135 0.42231E+01   0.17023
  0.43029614E+08   6.99485   3.82089   4.20928   3.25238  -2.58571  -3.21342  -3.68975 0.43051E+01   0.16939
  0.43032293E+08   6.99485   3.82201   4.20398   3.23006  -2.59274  -3.22115  -3.69808 0.43888E+01   0.16857
  0.43034910E+08   6.99485   3.82301   4.19866   3.20779  -2.59970  -3.22882  -3.70636 0.44744E+01   0.16777
  0.43037463E+08   6.99485   3.82392   4.19333   3.18557  -2.60662  -3.23646  -3.71457 0.45622E+01   0.16697
  0.43039952E+08   6.99485   3.82471   4.18799   3.16338  -2.61347  -3.24404  -3.72272 0.46516E+01   0.16619
  0.43042374E+08   6.99484   3.82542   4.18263   3.14125  -2.62028  -3.25158  -3.73082 0.47429E+01   0.16542
  0.43044731E+08   6.99484   3.82603   4.17726   3.11917  -2.62703  -3.25908  -3.73884 0.48362E+01   0.16466
  0.43047022E+08   6.99484   3.82655   4.17188   3.09713  -2.63374  -3.26653  -3.74680 0.49315E+01   0.16391
  0.43049247E+08   6.99484   3.82698   4.16650   3.07516  -2.64041  -3.27394  -3.75469 0.50287E+01   0.16317
  0.43051407E+08   6.99484   3.82733   4.16110   3.05323  -2.64704  -3.28131  -3.76251 0.51280E+01   0.16245
  0.43053503E+08   6.99483   3.82760   4.15570   3.03136  -2.65363  -3.28865  -3.77026 0.52293E+01   0.16173
  0.43055535E+08   6.99483   3.82780   4.15030   3.00954  -2.66020  -3.29594  -3.77795 0.53328E+01   0.16102
  0.43057505E+08   6.99483   3.82792   4.14489   2.98778  -2.66673  -3.30320  -3.78557 0.54386E+01   0.16032
  0.43059415E+08   6.99483   3.82798   4.13948   2.96608  -2.67324  -3.31043  -3.79311 0.55463E+01   0.15963
  0.43061265E+08   6.99483   3.82797   4.13406   2.94443  -2.67972  -3.31762  -3.80058 0.56564E+01   0.15894
  0.43063057E+08   6.99482   3.82790   4.12865   2.92284  -2.68617  -3.32476  -3.80797 0.57686E+01   0.15826
  0.43064793E+08   6.99482   3.82777   4.12323   2.90131  -2.69261  -3.33187  -3.81528 0.58832E+01   0.15759
  0.43066474E+08   6.99482   3.82758   4.11782   2.87983  -2.69902  -3.33893  -3.82250 0.60000E+01   0.15693
  0.43068103E+08   6.99482   3.82733   4.11240   2.85841  -2.70541  -3.34595  -3.82963 0.61191E+01   0.15627
  0.43069680E+08   6.99482   3.82703   4.10698   2.83705  -2.71178  -3.35293  -3.83668 0.62406E+01   0.15562
  0.43071207E+08   6.99481   3.82668   4.10157   2.81574  -2.71813  -3.35987  -3.84364 0.63647E+01   0.15497
  0.43072686E+08   6.99481   3.82628   4.09615   2.79449  -2.72447  -3.36676  -3.85050 0.64913E+01   0.15433
  0.43074119E+08   6.99481   3.82583   4.09074   2.77328  -2.73079  -3.37360  -3.85726 0.66203E+01   0.15369
  0.43075507E+08   6.99481   3.82534   4.08533   2.75214  -2.73711  -3.38040  -3.86392 0.67520E+01   0.15306
  0.43076851E+08   6.99481   3.82480   4.07992   2.73104  -2.74340  -3.38714  -3.87048 0.68865E+01   0.15243
  0.43078154E+08   6.99480   3.82423   4.07452   2.70999  -2.74967  -3.39383  -3.87693 0.70234E+01   0.15180
  0.43079417E+08   6.99480   3.82361   4.06911   2.68900  -2.75593  -3.40046  -3.88327 0.71630E+01   0.15118
  0.43080641E+08   6.99480   3.82295   4.06371   2.66805  -2.76217  -3.40702  -3.88949 0.73057E+01   0.15057
  0.43081827E+08   6.99480   3.82226   4.05832   2.64715  -2.76839  -3.41353  -3.89559 0.74510E+01   0.14995
  0.43082977E+08   6.99480   3.82153   4.05292   2.62629  -2.77460  -3.41996  -3.90156 0.75992E+01   0.14934
  0.43084093E+08   6.99479   3.82077   4.04753   2.60548  -2.78078  -3.42633  -3.90741 0.77505E+01   0.14873
  0.43085175E+08   6.99479   3.81997   4.04214   2.58472  -2.78695  -3.43262  -3.91314 0.79050E+01   0.14813
  0.43086224E+08   6.99479   3.81915   4.03675   2.56399  -2.79309  -3.43884  -3.91873 0.80622E+01   0.14752
  0.43087242E+08   6.99479   3.81829   4.03136   2.54331  -2.79921  -3.44498  -3.92418 0.82227E+01   0.14692
  0.43088231E+08   6.99479   3.81741   4.02598   2.52267  -2.80530  -3.45103  -3.92950 0.83864E+01   0.14632
  0.43089190E+08   6.99479   3.81649   4.02060   2.50206  -2.81137  -3.45700  -3.93467 0.85535E+01   0.14572
  0.43090121E+08   6.99478   3.81555   4.01523   2.48149  -2.81741  -3.46287  -3.93970 0.87240E+01   0.14513
  0.43091025E+08   6.99478   3.81459   4.00985   2.46096  -2.82342  -3.46866  -3.94458 0.88980E+01   0.14453
  0.43091902E+08   6.99478   3.81360   4.00448   2.44047  -2.82939  -3.47433  -3.94930 0.90761E+01   0.14394
  0.43092755E+08   6.99478   3.81258   3.99911   2.42001  -2.83531  -3.47990  -3.95386 0.92568E+01   0.14335
  0.43093583E+08   6.99478   3.81155   3.99375   2.39958  -2.84119  -3.48535  -3.95824 0.94416E+01   0.14277
  0.43094388E+08   6.99478   3.81049   3.98838   2.37919  -2.84702  -3.49067  -3.96244 0.96302E+01   0.14218
  0.43095170E+08   6.99477   3.80940   3.98302   2.35884  -2.85279  -3.49586  -3.96646 0.98225E+01   0.14160
  0.43095931E+08   6.99477   3.80830   3.97767   2.33851  -2.85849  -3.50090  -3.97028 0.10019E+02   0.14102
  0.43096670E+08   6.99477   3.80718   3.97231   2.31823  -2.86412  -3.50579  -3.97389 0.10219E+02   0.14044
  0.43097389E+08   6.99477   3.80603   3.96696   2.29797  -2.86967  -3.51052  -3.97727 0.10423E+02   0.13987
  0.43098088E+08   6.99477   3.80487   3.96162   2.27775  -2.87512  -3.51505  -3.98041 0.10631E+02   0.13929
  0.43098768E+08   6.99477   3.80368   3.95628   2.25757  -2.88045  -3.51938  -3.98328 0.10843E+02   0.13873
  0.43099430E+08   6.99476   3.80248   3.95094   2.23742  -2.88565  -3.52346  -3.98584 0.11060E+02   0.13817
  0.43100075E+08   6.99476   3.80126   3.94561   2.21732  -2.89070  -3.52729  -3.98807 0.11281E+02   0.13762
  0.43100702E+08   6.99476   3.80001   3.94028   2.19726  -2.89558  -3.53084  -3.98995 0.11506E+02   0.13707
  0.43101314E+08   6.99476   3.79875   3.93496   2.17723  -2.90028  -3.53409  -3.99145 0.11736E+02   0.13653
  0.43101910E+08   6.99476   3.79747   3.92964   2.15724  -2.90480  -3.53703  -3.99256 0.11970E+02   0.13600
  0.43102491E+08   6.99476   3.79617   3.92433   2.13728  -2.90910  -3.53963  -3.99325 0.12209E+02   0.13548
  0.43103057E+08   6.99476   3.79485   3.91902   2.11736  -2.91316  -3.54185  -3.99348 0.12452E+02   0.13497
  0.43103610E+08   6.99475   3.79350   3.91371   2.09748  -2.91698  -3.54370  -3.99323 0.12700E+02   0.13447
  0.43104149E+08   6.99475   3.79214   3.90841   2.07763  -2.92054  -3.54514  -3.99249 0.12953E+02   0.13398
  0.43104675E+08   6.99475   3.79076   3.90311   2.05781  -2.92384  -3.54619  -3.99126 0.13211E+02   0.13350
  0.43105189E+08   6.99475   3.78936   3.89781   2.03801  -2.92688  -3.54683  -3.98954 0.13474E+02   0.13303
  0.43105690E+08   6.99475   3.78793   3.89250   2.01824  -2.92966  -3.54708  -3.98734 0.13742E+02   0.13257
  0.43106179E+08   6.99475   3.78648   3.88720   1.99847  -2.93219  -3.54697  -3.98472 0.14016E+02   0.13212
  0.43106657E+08   6.99475   3.78501   3.88190   1.97872  -2.93447  -3.54648  -3.98164 0.14296E+02   0.13168
  0.43107122E+08   6.99474   3.78351   3.87659   1.95899  -2.93650  -3.54562  -3.97813 0.14581E+02   0.13125
  0.43107577E+08   6.99474   3.78199   3.87129   1.93929  -2.93823  -3.54433  -3.97412 0.14872E+02   0.13083
  0.43108020E+08   6.99474   3.78045   3.86597   1.91958  -2.93977  -3.54277  -3.96981 0.15169E+02   0.13041
  0.43108452E+08   6.99474   3.77889   3.86066   1.89989  -2.94107  -3.54087  -3.96511 0.15472E+02   0.13001
  0.43108874E+08   6.99474   3.77730   3.85534   1.88021  -2.94213  -3.53866  -3.96006 0.15781E+02   0.12961
  0.43109285E+08   6.99474   3.77569   3.85003   1.86056  -2.94295  -3.53612  -3.95464 0.16097E+02   0.12922
  0.43109685E+08   6.99474   3.77405   3.84471   1.84092  -2.94355  -3.53327  -3.94889 0.16420E+02   0.12884
  0.43110075E+08   6.99473   3.77239   3.83939   1.82132  -2.94388  -3.53009  -3.94277 0.16749E+02   0.12847
  0.43110456E+08   6.99473   3.77070   3.83407   1.80174  -2.94396  -3.52657  -3.93629 0.17084E+02   0.12811
  0.43110826E+08   6.99473   3.76898   3.82876   1.78219  -2.94378  -3.52273  -3.92946 0.17426E+02   0.12775
  0.43111187E+08   6.99473   3.76723   3.82344   1.76267  -2.94333  -3.51856  -3.92227 0.17775E+02   0.12741
  0.43111539E+08   6.99473   3.76546   3.81813   1.74319  -2.94261  -3.51405  -3.91471 0.18130E+02   0.12708
  0.43111882E+08   6.99473   3.76365   3.81283   1.72381  -2.94143  -3.50893  -3.90644 0.18491E+02   0.12677
  0.43112217E+08   6.99473   3.76181   3.80753   1.70444  -2.94000  -3.50353  -3.89787 0.18859E+02   0.12647
  0.43112543E+08   6.99472   3.75993   3.80222   1.68511  -2.93820  -3.49766  -3.88878 0.19235E+02   0.12619
  0.43112861E+08   6.99472   3.75802   3.79692   1.66581  -2.93608  -3.49141  -3.87927 0.19617E+02   0.12592
  0.43113172E+08   6.99472   3.75607   3.79161   1.64652  -2.93369  -3.48485  -3.86942 0.20008E+02   0.12566
  0.43113474E+08   6.99472   3.75408   3.78633   1.62739  -2.93068  -3.47750  -3.85864 0.20403E+02   0.12543
  0.43113769E+08   6.99472   3.75204   3.78103   1.60823  -2.92746  -3.46992  -3.84764 0.20807E+02   0.12521
  0.43114052E+08   6.99472   3.75000   3.77586   1.58958  -2.92368  -3.46169  -3.83591 0.21208E+02   0.12503
  0.43114325E+08   6.99472   3.74794   3.77074   1.57116  -2.91956  -3.45310  -3.82379 0.21611E+02   0.12487
  0.43114596E+08   6.99472   3.74579   3.76555   1.55254  -2.91488  -3.44377  -3.81077 0.22029E+02   0.12473
  0.43114863E+08   6.99471   3.74358   3.76032   1.53383  -2.90969  -3.43378  -3.79699 0.22455E+02   0.12461
  0.43115124E+08   6.99471   3.74130   3.75512   1.51532  -2.90344  -3.42241  -3.78150 0.22885E+02   0.12455
  0.43115381E+08   6.99471   3.73895   3.74990   1.49679  -2.89668  -3.41041  -3.76530 0.23324E+02   0.12452
  0.43115627E+08   6.99471   3.73658   3.74477   1.47866  -2.88952  -3.39801  -3.74868 0.23762E+02   0.12452
  0.43115865E+08   6.99471   3.73417   3.73974   1.46093  -2.88152  -3.38456  -3.73081 0.24198E+02   0.12456
  0.43116103E+08   6.99471   3.73165   3.73469   1.44326  -2.87199  -3.36904  -3.71039 0.24641E+02   0.12469
  0.43116339E+08   6.99471   3.72901   3.72958   1.42546  -2.86150  -3.35230  -3.68851 0.25093E+02   0.12486
  0.43116573E+08   6.99471   3.72625   3.72446   1.40773  -2.84973  -3.33388  -3.66462 0.25552E+02   0.12511
  0.43116803E+08   6.99470   3.72338   3.71940   1.39034  -2.83613  -3.31307  -3.63784 0.26009E+02   0.12546
  0.43117031E+08   6.99470   3.72038   3.71443   1.37347  -2.82009  -3.28907  -3.60724 0.26457E+02   0.12595
  0.43117258E+08   6.99470   3.71722   3.70960   1.35732  -2.80077  -3.26078  -3.57152 0.26890E+02   0.12663
  0.43117531E+08   6.99470   3.71318   3.70411   1.33941  -2.77134  -3.21879  -3.51931 0.27370E+02   0.12784
  0.43117858E+08   6.99470   3.70795   3.69860   1.32259  -2.72139  -3.15015  -3.43618 0.27805E+02   0.13023
  0.43118153E+08   6.99470   3.70286   3.69456   1.31150  -2.66504  -3.07546  -3.34832 0.28068E+02   0.13325
  0.43118506E+08   6.99469   3.69620   3.69005   1.30014  -2.59105  -2.98085  -3.24029 0.28320E+02   0.13759
  0.43118931E+08   6.99469   3.68758   3.68627   1.29365  -2.48786  -2.85546  -3.10247 0.28384E+02   0.14457
  0.43119440E+08   6.99469   3.67671   3.68210   1.28782  -2.36919  -2.72070  -2.96141 0.28385E+02   0.15418
  0.43119876E+08   6.99469   3.66851   3.68002   1.28769  -2.27219  -2.61695  -2.85685 0.28223E+02   0.16369
  0.43120231E+08   6.99469   3.66233   3.67866   1.28845  -2.19772  -2.53950  -2.77996 0.28061E+02   0.17196
  0.43120658E+08   6.99468   3.65434   3.67671   1.28863  -2.11265  -2.45254  -2.69437 0.27884E+02   0.18242
  0.43121171E+08   6.99468   3.64501   3.67375   1.28615  -2.01635  -2.35556  -2.59953 0.27748E+02   0.19556
  0.43121582E+08   6.99468   3.64077   3.67218   1.28408  -1.94219  -2.28162  -2.52744 0.27640E+02   0.20663
  0.43122075E+08   6.99468   3.63700   3.67035   1.28055  -1.85643  -2.19696  -2.44520 0.27538E+02   0.22053
  0.43122667E+08   6.99467   3.63821   3.66886   1.27338  -1.75958  -2.10230  -2.35345 0.27507E+02   0.23763
  0.43123378E+08   6.99467   3.64662   3.66569   1.25229  -1.65870  -2.00490  -2.25940 0.27865E+02   0.25702
  0.43124230E+08   6.99467   3.67134   3.66110   1.20920  -1.56164  -1.91236  -2.17021 0.28913E+02   0.27721
  0.43124917E+08   6.99466   3.70535   3.65842   1.16445  -1.50372  -1.85740  -2.11688 0.30175E+02   0.28992
  0.43125480E+08   6.99466   3.73574   3.65583   1.12371  -1.46907  -1.82461  -2.08483 0.31433E+02   0.29778
  0.43125936E+08   6.99465   3.76044   3.65373   1.09062  -1.44797  -1.80456  -2.06504 0.32518E+02   0.30265
  0.43126335E+08   6.99465   3.78001   3.65154   1.06230  -1.43389  -1.79118  -2.05177 0.33491E+02   0.30594
  0.43126714E+08   6.99465   3.79929   3.65061   1.03928  -1.42272  -1.78031  -2.04072 0.34306E+02   0.30853
  0.43127091E+08   6.99464   3.81504   3.64947   1.01898  -1.41418  -1.77199  -2.03224 0.35046E+02   0.31053
  0.43127544E+08   6.99464   3.82975   3.64779   0.99753  -1.40667  -1.76472  -2.02482 0.35851E+02   0.31231
  0.43128087E+08   6.99463   3.84471   3.64648   0.97736  -1.39983  -1.75796  -2.01782 0.36627E+02   0.31391
  0.43128521E+08   6.99463   3.85499   3.64590   0.96475  -1.39543  -1.75355  -2.01317 0.37119E+02   0.31493
  0.43129043E+08   6.99462   3.86428   3.64536   0.95328  -1.39149  -1.74958  -2.00899 0.37573E+02   0.31585
  0.43129668E+08   6.99461   3.87168   3.64440   0.94205  -1.38828  -1.74642  -2.00570 0.38023E+02   0.31661
  0.43130169E+08   6.99461   3.87738   3.64428   0.93586  -1.38599  -1.74406  -2.00317 0.38269E+02   0.31714
  0.43130569E+08   6.99460   3.87932   3.64333   0.93012  -1.38501  -1.74319  -2.00234 0.38504E+02   0.31740
  0.43131050E+08   6.99460   3.88376   3.64349   0.92632  -1.38333  -1.74141  -2.00040 0.38655E+02   0.31777
  0.43131626E+08   6.99459   3.88626   3.64297   0.92174  -1.38219  -1.74032  -1.99927 0.38839E+02   0.31805
  0.43132318E+08   6.99458   3.88976   3.64310   0.91877  -1.38076  -1.73882  -1.99766 0.38954E+02   0.31837
  0.43133149E+08   6.99457   3.89154   3.64244   0.91435  -1.37991  -1.73804  -1.99688 0.39131E+02   0.31859
  0.43134145E+08   6.99456   3.89449   3.64258   0.91195  -1.37869  -1.73676  -1.99550 0.39219E+02   0.31887
  0.43135340E+08   6.99454   3.89641   3.64239   0.90927  -1.37781  -1.73589  -1.99458 0.39319E+02   0.31908
  0.43136775E+08   6.99452   3.89822   3.64217   0.90660  -1.37704  -1.73512  -1.99377 0.39419E+02   0.31926
  0.43138497E+08   6.99449   3.90003   3.64211   0.90455  -1.37630  -1.73436  -1.99296 0.39495E+02   0.31943
  0.43140563E+08   6.99447   3.90150   3.64187   0.90212  -1.37575  -1.73381  -1.99238 0.39592E+02   0.31956
  0.43143042E+08   6.99443   3.90309   3.64192   0.90072  -1.37521  -1.73322  -1.99173 0.39653E+02   0.31968
  0.43146017E+08   6.99439   3.90420   3.64161   0.89838  -1.37500  -1.73300  -1.99148 0.39767E+02   0.31973
  0.43149587E+08   6.99434   3.90537   3.64169   0.89753  -1.37486  -1.73279  -1.99120 0.39833E+02   0.31974
  0.43153871E+08   6.99428   3.90599   3.64164   0.89668  -1.37513  -1.73299  -1.99135 0.39923E+02   0.31966
  0.43159012E+08   6.99420   3.90624   3.64173   0.89678  -1.37573  -1.73349  -1.99178 0.40000E+02   0.31949
  0.43165181E+08   6.99411   3.90593   3.64171   0.89703  -1.37680  -1.73445  -1.99269 0.40105E+02   0.31921
  0.43172584E+08   6.99401   3.90527   3.64198   0.89876  -1.37818  -1.73568  -1.99385 0.40181E+02   0.31885
  0.43181468E+08   6.99388   3.90417   3.64216   0.90056  -1.37999  -1.73731  -1.99542 0.40290E+02   0.31837
  0.43192128E+08   6.99373   3.90279   3.64207   0.90159  -1.38220  -1.73935  -1.99740 0.40474E+02   0.31781
  0.43204920E+08   6.99355   3.90135   3.64226   0.90375  -1.38466  -1.74160  -1.99956 0.40643E+02   0.31717
  0.43220270E+08   6.99333   3.89974   3.64243   0.90603  -1.38747  -1.74414  -2.00200 0.40847E+02   0.31645
  0.43232551E+08   6.99316   3.89857   3.64251   0.90749  -1.38966  -1.74613  -2.00391 0.41024E+02   0.31588
  0.43242375E+08   6.99302   3.89772   3.64259   0.90866  -1.39137  -1.74768  -2.00540 0.41162E+02   0.31543
  0.43250235E+08   6.99291   3.89711   3.64279   0.91007  -1.39269  -1.74886  -2.00651 0.41248E+02   0.31509
  0.43256522E+08   6.99283   3.89659   3.64285   0.91083  -1.39375  -1.74983  -2.00743 0.41335E+02   0.31481
  0.43264067E+08   6.99272   3.89601   3.64302   0.91209  -1.39500  -1.75094  -2.00849 0.41414E+02   0.31449
  0.43273122E+08   6.99260   3.89524   3.64302   0.91283  -1.39654  -1.75235  -2.00984 0.41538E+02   0.31409
  0.43283987E+08   6.99245   3.89439   3.64311   0.91405  -1.39833  -1.75397  -2.01139 0.41664E+02   0.31363
  0.43297025E+08   6.99227   3.89336   3.64316   0.91525  -1.40047  -1.75592  -2.01326 0.41820E+02   0.31308
  0.43307455E+08   6.99213   3.89260   3.64332   0.91666  -1.40217  -1.75745  -2.01472 0.41926E+02   0.31263
  0.43315799E+08   6.99201   3.89203   3.64361   0.91838  -1.40348  -1.75861  -2.01580 0.41982E+02   0.31229
  0.43325812E+08   6.99188   3.89120   3.64351   0.91880  -1.40518  -1.76018  -2.01732 0.42119E+02   0.31185
  0.43337828E+08   6.99171   3.89032   3.64353   0.91973  -1.40715  -1.76197  -2.01904 0.42259E+02   0.31135
  0.43347441E+08   6.99158   3.88968   3.64371   0.92110  -1.40869  -1.76335  -2.02034 0.42342E+02   0.31095
  0.43355131E+08   6.99148   3.88917   3.64392   0.92244  -1.40992  -1.76445  -2.02138 0.42395E+02   0.31063
  0.43364359E+08   6.99136   3.88848   3.64396   0.92331  -1.41145  -1.76584  -2.02271 0.42491E+02   0.31023
  0.43375433E+08   6.99121   3.88772   3.64410   0.92461  -1.41324  -1.76746  -2.02425 0.42588E+02   0.30977
  0.43388721E+08   6.99103   3.88678   3.64409   0.92550  -1.41542  -1.76946  -2.02618 0.42731E+02   0.30922
  0.43404667E+08   6.99082   3.88575   3.64424   0.92712  -1.41796  -1.77176  -2.02837 0.42869E+02   0.30856
  0.43417424E+08   6.99065   3.88491   3.64425   0.92797  -1.42003  -1.77364  -2.03016 0.43004E+02   0.30803
  0.43427630E+08   6.99051   3.88431   3.64445   0.92939  -1.42172  -1.77517  -2.03161 0.43077E+02   0.30760
  0.43435794E+08   6.99041   3.88377   3.64454   0.93026  -1.42306  -1.77637  -2.03274 0.43147E+02   0.30725
  0.43442326E+08   6.99032   3.88334   3.64458   0.93083  -1.42416  -1.77737  -2.03369 0.43209E+02   0.30697
  0.43450164E+08   6.99022   3.88287   3.64473   0.93190  -1.42547  -1.77854  -2.03480 0.43262E+02   0.30663
  0.43459569E+08   6.99010   3.88223   3.64474   0.93257  -1.42707  -1.78000  -2.03620 0.43352E+02   0.30622
  0.43470856E+08   6.98995   3.88159   3.64504   0.93442  -1.42891  -1.78165  -2.03774 0.43408E+02   0.30574
  0.43484400E+08   6.98977   3.88069   3.64489   0.93470  -1.43119  -1.78374  -2.03976 0.43562E+02   0.30517
  0.43500652E+08   6.98956   3.87977   3.64496   0.93587  -1.43385  -1.78616  -2.04206 0.43700E+02   0.30449
  0.43520156E+08   6.98931   3.87876   3.64545   0.93884  -1.43699  -1.78897  -2.04470 0.43785E+02   0.30368
  0.43535758E+08   6.98911   3.87782   3.64535   0.93939  -1.43967  -1.79142  -2.04705 0.43943E+02   0.30300
  0.43548240E+08   6.98895   3.87715   3.64546   0.94047  -1.44182  -1.79338  -2.04891 0.44041E+02   0.30245
  0.43558226E+08   6.98882   3.87665   3.64576   0.94215  -1.44356  -1.79493  -2.05035 0.44079E+02   0.30200
  0.43570208E+08   6.98867   3.87594   3.64589   0.94339  -1.44572  -1.79689  -2.05222 0.44158E+02   0.30145
  0.43584588E+08   6.98849   3.87508   3.64575   0.94369  -1.44829  -1.79924  -2.05447 0.44307E+02   0.30081
  0.43601843E+08   6.98827   3.87421   3.64591   0.94518  -1.45131  -1.80198  -2.05708 0.44422E+02   0.30004
  0.43622549E+08   6.98801   3.87318   3.64608   0.94688  -1.45492  -1.80525  -2.06017 0.44560E+02   0.29912
  0.43639114E+08   6.98780   3.87236   3.64623   0.94826  -1.45794  -1.80800  -2.06277 0.44673E+02   0.29836
  0.43652366E+08   6.98763   3.87167   3.64623   0.94896  -1.46040  -1.81024  -2.06490 0.44784E+02   0.29774
  0.43662967E+08   6.98750   3.87118   3.64641   0.95016  -1.46244  -1.81207  -2.06663 0.44840E+02   0.29722
  0.43671449E+08   6.98739   3.87069   3.64634   0.95037  -1.46412  -1.81362  -2.06811 0.44923E+02   0.29680
  0.43678234E+08   6.98731   3.87038   3.64645   0.95108  -1.46545  -1.81481  -2.06923 0.44964E+02   0.29646
  0.43683662E+08   6.98724   3.87026   3.64683   0.95275  -1.46651  -1.81574  -2.07007 0.44940E+02   0.29618
  0.43690175E+08   6.98716   3.86968   3.64657   0.95227  -1.46791  -1.81706  -2.07136 0.45035E+02   0.29584
  0.43697992E+08   6.98706   3.86948   3.64699   0.95416  -1.46944  -1.81840  -2.07259 0.45026E+02   0.29545
  0.43707371E+08   6.98695   3.86886   3.64681   0.95406  -1.47137  -1.82018  -2.07431 0.45129E+02   0.29497
  0.43718627E+08   6.98681   3.86843   3.64714   0.95578  -1.47359  -1.82217  -2.07617 0.45159E+02   0.29440
  0.43732133E+08   6.98664   3.86769   3.64691   0.95558  -1.47629  -1.82466  -2.07856 0.45304E+02   0.29373
  0.43748341E+08   6.98644   3.86703   3.64704   0.95676  -1.47945  -1.82753  -2.08127 0.45403E+02   0.29294
  0.43767791E+08   6.98620   3.86626   3.64730   0.95857  -1.48330  -1.83102  -2.08456 0.45500E+02   0.29197
  0.43783350E+08   6.98601   3.86559   3.64731   0.95924  -1.48649  -1.83393  -2.08732 0.45619E+02   0.29117
  0.43795798E+08   6.98586   3.86513   3.64754   0.96060  -1.48916  -1.83634  -2.08958 0.45674E+02   0.29050
  0.43805756E+08   6.98574   3.86475   3.64779   0.96198  -1.49137  -1.83833  -2.09145 0.45704E+02   0.28995
  0.43817706E+08   6.98560   3.86411   3.64758   0.96177  -1.49405  -1.84080  -2.09382 0.45832E+02   0.28929
  0.43832046E+08   6.98542   3.86363   3.64788   0.96344  -1.49724  -1.84368  -2.09652 0.45885E+02   0.28849
  0.43843517E+08   6.98528   3.86321   3.64814   0.96489  -1.49990  -1.84608  -2.09878 0.45921E+02   0.28783
  0.43857284E+08   6.98512   3.86259   3.64809   0.96530  -1.50309  -1.84901  -2.10156 0.46031E+02   0.28704
  0.43873803E+08   6.98492   3.86201   3.64828   0.96663  -1.50693  -1.85250  -2.10485 0.46119E+02   0.28609
  0.43887018E+08   6.98476   3.86157   3.64854   0.96812  -1.51013  -1.85539  -2.10757 0.46168E+02   0.28529
  0.43902877E+08   6.98457   3.86092   3.64846   0.96844  -1.51398  -1.85892  -2.11092 0.46298E+02   0.28435
  0.43921907E+08   6.98434   3.86031   3.64865   0.96980  -1.51862  -1.86314  -2.11490 0.46402E+02   0.28321
  0.43944744E+08   6.98407   3.85955   3.64867   0.97062  -1.52424  -1.86829  -2.11977 0.46564E+02   0.28183
  0.43963013E+08   6.98386   3.85908   3.64905   0.97258  -1.52908  -1.87268  -2.12389 0.46630E+02   0.28064
  0.43977628E+08   6.98368   3.85860   3.64916   0.97350  -1.53315  -1.87639  -2.12739 0.46718E+02   0.27965
  0.43989320E+08   6.98354   3.85832   3.64948   0.97503  -1.53659  -1.87951  -2.13032 0.46750E+02   0.27880
  0.44003351E+08   6.98338   3.85786   3.64964   0.97613  -1.54082  -1.88338  -2.13396 0.46824E+02   0.27778
  0.44020188E+08   6.98318   3.85728   3.64955   0.97635  -1.54579  -1.88794  -2.13829 0.46964E+02   0.27658
  0.44040392E+08   6.98295   3.85676   3.64966   0.97729  -1.55184  -1.89347  -2.14351 0.47095E+02   0.27511
  0.44064637E+08   6.98266   3.85620   3.64987   0.97868  -1.55933  -1.90031  -2.14996 0.47237E+02   0.27330
  0.44084033E+08   6.98244   3.85584   3.65021   0.98040  -1.56584  -1.90626  -2.15555 0.47324E+02   0.27174
  0.44099550E+08   6.98225   3.85551   3.65039   0.98143  -1.57136  -1.91131  -2.16030 0.47414E+02   0.27041
  0.44111963E+08   6.98211   3.85528   3.65058   0.98239  -1.57607  -1.91563  -2.16438 0.47481E+02   0.26929
  0.44121894E+08   6.98200   3.85511   3.65077   0.98332  -1.57996  -1.91918  -2.16771 0.47527E+02   0.26836
  0.44133811E+08   6.98186   3.85480   3.65074   0.98352  -1.58473  -1.92356  -2.17186 0.47629E+02   0.26724
  0.44148111E+08   6.98169   3.85460   3.65099   0.98468  -1.59058  -1.92893  -2.17691 0.47700E+02   0.26585
  0.44165271E+08   6.98149   3.85439   3.65133   0.98627  -1.59794  -1.93567  -2.18326 0.47777E+02   0.26412
  0.44179000E+08   6.98134   3.85414   3.65134   0.98654  -1.60394  -1.94120  -2.18848 0.47891E+02   0.26272
  0.44195473E+08   6.98115   3.85395   3.65139   0.98693  -1.61138  -1.94804  -2.19494 0.48025E+02   0.26099
  0.44215242E+08   6.98092   3.85384   3.65166   0.98810  -1.62081  -1.95672  -2.20311 0.48150E+02   0.25880
  0.44231057E+08   6.98074   3.85386   3.65202   0.98950  -1.62908  -1.96433  -2.21027 0.48229E+02   0.25690
  0.44243709E+08   6.98059   3.85387   3.65226   0.99043  -1.63620  -1.97088  -2.21644 0.48306E+02   0.25527
  0.44253831E+08   6.98048   3.85395   3.65254   0.99146  -1.64229  -1.97649  -2.22172 0.48355E+02   0.25387
  0.44265977E+08   6.98034   3.85390   3.65257   0.99163  -1.64985  -1.98348  -2.22832 0.48471E+02   0.25216
  0.44280552E+08   6.98017   3.85411   3.65300   0.99311  -1.65954  -1.99242  -2.23673 0.48543E+02   0.24998
  0.44298042E+08   6.97997   3.85435   3.65342   0.99454  -1.67213  -2.00408  -2.24774 0.48652E+02   0.24717
  0.44319030E+08   6.97973   3.85467   3.65364   0.99512  -1.68813  -2.01889  -2.26170 0.48846E+02   0.24363
  0.44344216E+08   6.97944   3.85544   3.65418   0.99649  -1.71002  -2.03919  -2.28084 0.49055E+02   0.23885
  0.44364364E+08   6.97921   3.85635   3.65459   0.99720  -1.73085  -2.05855  -2.29911 0.49263E+02   0.23439
  0.44380483E+08   6.97903   3.85754   3.65529   0.99878  -1.75128  -2.07754  -2.31701 0.49397E+02   0.23008
  0.44393378E+08   6.97888   3.85867   3.65575   0.99951  -1.77070  -2.09567  -2.33413 0.49550E+02   0.22605
  0.44403694E+08   6.97877   3.85983   3.65618   1.00006  -1.78885  -2.11262  -2.35014 0.49688E+02   0.22235
  0.44411947E+08   6.97867   3.86074   3.65621   0.99923  -1.80525  -2.12798  -2.36466 0.49879E+02   0.21905
  0.44418549E+08   6.97859   3.86199   3.65676   1.00021  -1.82003  -2.14182  -2.37772 0.49950E+02   0.21613
  0.44423831E+08   6.97853   3.86302   3.65712   1.00061  -1.83349  -2.15444  -2.38964 0.50036E+02   0.21350
  0.44430169E+08   6.97846   3.86440   3.65750   1.00074  -1.85193  -2.17177  -2.40603 0.50171E+02   0.20995
  0.44437775E+08   6.97837   3.86648   3.65810   1.00106  -1.87815  -2.19644  -2.42936 0.50342E+02   0.20500
  0.44446902E+08   6.97827   3.86959   3.65870   1.00031  -1.91776  -2.23381  -2.46473 0.50650E+02   0.19775
  0.44454204E+08   6.97818   3.87326   3.65985   1.00128  -1.95785  -2.27173  -2.50064 0.50847E+02   0.19072
  0.44460045E+08   6.97811   3.87684   3.66075   1.00125  -1.99812  -2.30999  -2.53692 0.51084E+02   0.18394
  0.44464718E+08   6.97806   3.88022   3.66131   1.00012  -2.03728  -2.34727  -2.57228 0.51366E+02   0.17761
  0.44468456E+08   6.97801   3.88370   3.66250   1.00139  -2.07373  -2.38207  -2.60533 0.51487E+02   0.17198
  0.44471447E+08   6.97797   3.88665   3.66321   1.00131  -2.10794  -2.41487  -2.63653 0.51664E+02   0.16690
  0.44473840E+08   6.97794   3.88943   3.66427   1.00277  -2.13823  -2.44400  -2.66427 0.51728E+02   0.16259
  0.44476711E+08   6.97791   3.89259   3.66446   1.00035  -2.18189  -2.48611  -2.70442 0.52067E+02   0.15660
  0.44480156E+08   6.97787   3.89742   3.66633   1.00300  -2.24154  -2.54408  -2.75987 0.52171E+02   0.14904
  0.44484291E+08   6.97782   3.90359   3.66839   1.00505  -2.33409  -2.63523  -2.84759 0.52406E+02   0.13853
  0.44489252E+08   6.97775   3.91207   3.67272   1.01388  -2.49758  -2.80445  -3.01482 0.52368E+02   0.12405
  0.44492229E+08   6.97771   3.91699   3.67831   1.03135  -2.62003  -2.94079  -3.15579 0.51641E+02   0.11602
  0.44494927E+08   6.97768   3.92057   3.68345   1.04833  -2.74950  -3.09363  -3.32027 0.50931E+02   0.10908
  0.44497569E+08   6.97765   3.92336   3.69163   1.07824  -2.86011  -3.23337  -3.47847 0.49483E+02   0.10442
  0.44499891E+08   6.97762   3.92522   3.70105   1.11406  -2.93512  -3.33483  -3.59980 0.47715E+02   0.10198
  0.44501748E+08   6.97760   3.92638   3.70987   1.14818  -2.97678  -3.39426  -3.67347 0.46052E+02   0.10105
  0.44503234E+08   6.97758   3.92713   3.71706   1.17618  -3.00348  -3.43357  -3.72310 0.44723E+02   0.10062
  0.44504479E+08   6.97757   3.92765   3.72306   1.19966  -3.02214  -3.46175  -3.75912 0.43637E+02   0.10042
  0.44505615E+08   6.97756   3.92806   3.72843   1.22075  -3.03687  -3.48448  -3.78846 0.42683E+02   0.10034
  0.44506705E+08   6.97754   3.92839   3.73349   1.24065  -3.04905  -3.50372  -3.81352 0.41801E+02   0.10033
  0.44507784E+08   6.97753   3.92867   3.73836   1.25983  -3.05965  -3.52081  -3.83595 0.40969E+02   0.10037
  0.44509078E+08   6.97752   3.92895   3.74397   1.28201  -3.07072  -3.53908  -3.86014 0.40027E+02   0.10046
  0.44510631E+08   6.97751   3.92921   3.75040   1.30748  -3.08172  -3.55786  -3.88526 0.38972E+02   0.10064
  0.44511984E+08   6.97749   3.92936   3.75575   1.32871  -3.08987  -3.57224  -3.90469 0.38115E+02   0.10084
  0.44513278E+08   6.97748   3.92948   3.76063   1.34812  -3.09650  -3.58434  -3.92121 0.37348E+02   0.10105
  0.44514830E+08   6.97747   3.92957   3.76615   1.37010  -3.10322  -3.59708  -3.93877 0.36499E+02   0.10132
  0.44516693E+08   6.97745   3.92963   3.77230   1.39464  -3.10987  -3.61027  -3.95716 0.35575E+02   0.10166
  0.44518341E+08   6.97744   3.92964   3.77740   1.41503  -3.11464  -3.62028  -3.97132 0.34826E+02   0.10197
  0.44519947E+08   6.97742   3.92963   3.78206   1.43367  -3.11843  -3.62872  -3.98341 0.34157E+02   0.10228
  0.44521874E+08   6.97741   3.92960   3.78720   1.45428  -3.12223  -3.63761  -3.99628 0.33432E+02   0.10263
  0.44524186E+08   6.97739   3.92954   3.79281   1.47678  -3.12581  -3.64663  -4.00952 0.32660E+02   0.10304
  0.44526317E+08   6.97737   3.92947   3.79754   1.49576  -3.12836  -3.65367  -4.02004 0.32024E+02   0.10340
  0.44528875E+08   6.97735   3.92940   3.80264   1.51624  -3.13075  -3.66085  -4.03091 0.31354E+02   0.10380
  0.44531944E+08   6.97733   3.92931   3.80805   1.53794  -3.13283  -3.66790  -4.04179 0.30661E+02   0.10425
  0.44534805E+08   6.97731   3.92924   3.81255   1.55603  -3.13413  -3.67324  -4.05022 0.30097E+02   0.10463
  0.44538239E+08   6.97728   3.92919   3.81727   1.57496  -3.13536  -3.67870  -4.05892 0.29520E+02   0.10503
  0.44542360E+08   6.97726   3.92917   3.82216   1.59451  -3.13622  -3.68382  -4.06729 0.28938E+02   0.10546
  0.44547304E+08   6.97722   3.92920   3.82711   1.61430  -3.13685  -3.68869  -4.07541 0.28365E+02   0.10590
  0.44553238E+08   6.97718   3.92932   3.83207   1.63402  -3.13727  -3.69330  -4.08321 0.27809E+02   0.10633
  0.44560358E+08   6.97714   3.92956   3.83700   1.65351  -3.13754  -3.69763  -4.09067 0.27275E+02   0.10676
  0.44568903E+08   6.97708   3.92993   3.84191   1.67277  -3.13768  -3.70173  -4.09782 0.26764E+02   0.10717
  0.44579156E+08   6.97702   3.93046   3.84685   1.69199  -3.13777  -3.70574  -4.10486 0.26270E+02   0.10758
  0.44591460E+08   6.97694   3.93117   3.85193   1.71158  -3.13786  -3.70979  -4.11199 0.25783E+02   0.10797
  0.44606224E+08   6.97686   3.93206   3.85729   1.73211  -3.13783  -3.71382  -4.11922 0.25288E+02   0.10838
  0.44620033E+08   6.97677   3.93294   3.86191   1.74974  -3.13769  -3.71711  -4.12521 0.24874E+02   0.10873
  0.44636603E+08   6.97668   3.93398   3.86711   1.76946  -3.13734  -3.72053  -4.13162 0.24424E+02   0.10911
  0.44656487E+08   6.97657   3.93522   3.87295   1.79162  -3.13669  -3.72400  -4.13840 0.23932E+02   0.10955
  0.44674572E+08   6.97647   3.93634   3.87808   1.81100  -3.13592  -3.72676  -4.14402 0.23512E+02   0.10993
  0.44692253E+08   6.97637   3.93744   3.88299   1.82951  -3.13491  -3.72901  -4.14893 0.23119E+02   0.11030
  0.44713471E+08   6.97626   3.93871   3.88865   1.85091  -3.13339  -3.73113  -4.15405 0.22675E+02   0.11074
  0.44738932E+08   6.97613   3.94016   3.89511   1.87528  -3.13126  -3.73296  -4.15919 0.22182E+02   0.11125
  0.44761030E+08   6.97602   3.94143   3.90059   1.89591  -3.12911  -3.73402  -4.16297 0.21776E+02   0.11169
  0.44782004E+08   6.97591   3.94263   3.90572   1.91523  -3.12680  -3.73456  -4.16595 0.21403E+02   0.11210
  0.44802623E+08   6.97581   3.94379   3.91067   1.93387  -3.12427  -3.73464  -4.16831 0.21051E+02   0.11252
  0.44827365E+08   6.97570   3.94510   3.91637   1.95533  -3.12099  -3.73420  -4.17038 0.20654E+02   0.11300
  0.44857057E+08   6.97556   3.94660   3.92277   1.97945  -3.11692  -3.73313  -4.17200 0.20219E+02   0.11356
  0.44882847E+08   6.97544   3.94791   3.92820   1.99981  -3.11324  -3.73183  -4.17289 0.19862E+02   0.11403
  0.44907430E+08   6.97533   3.94916   3.93328   2.01891  -3.10958  -3.73027  -4.17331 0.19535E+02   0.11448
  0.44931681E+08   6.97523   3.95036   3.93818   2.03727  -3.10585  -3.72845  -4.17333 0.19226E+02   0.11491
  0.44960783E+08   6.97510   3.95171   3.94373   2.05814  -3.10140  -3.72603  -4.17294 0.18882E+02   0.11541
  0.44995705E+08   6.97496   3.95326   3.94991   2.08131  -3.09625  -3.72300  -4.17206 0.18511E+02   0.11597
  0.45026493E+08   6.97483   3.95466   3.95524   2.10120  -3.09172  -3.72017  -4.17102 0.18201E+02   0.11644
  0.45056127E+08   6.97471   3.95598   3.96027   2.12000  -3.08732  -3.71727  -4.16976 0.17914E+02   0.11689
  0.45085499E+08   6.97459   3.95726   3.96512   2.13810  -3.08298  -3.71430  -4.16834 0.17643E+02   0.11732
  0.45120745E+08   6.97446   3.95871   3.97057   2.15845  -3.07801  -3.71079  -4.16652 0.17347E+02   0.11781
  0.45163041E+08   6.97430   3.96036   3.97655   2.18073  -3.07255  -3.70681  -4.16437 0.17031E+02   0.11834
  0.45200807E+08   6.97416   3.96188   3.98180   2.20020  -3.06778  -3.70327  -4.16237 0.16763E+02   0.11879
  0.45237452E+08   6.97402   3.96333   3.98680   2.21872  -3.06320  -3.69977  -4.16032 0.16513E+02   0.11922
  0.45273891E+08   6.97389   3.96473   3.99161   2.23656  -3.05874  -3.69630  -4.15821 0.16277E+02   0.11963
  0.45317618E+08   6.97374   3.96631   3.99693   2.25625  -3.05381  -3.69238  -4.15576 0.16024E+02   0.12007
  0.45370090E+08   6.97356   3.96813   4.00271   2.27756  -3.04854  -3.68813  -4.15305 0.15760E+02   0.12054
  0.45417616E+08   6.97340   3.96981   4.00787   2.29647  -3.04391  -3.68432  -4.15057 0.15532E+02   0.12095
  0.45464159E+08   6.97324   3.97143   4.01279   2.31454  -3.03946  -3.68059  -4.14807 0.15318E+02   0.12134
  0.45520011E+08   6.97306   3.97325   4.01816   2.33420  -3.03467  -3.67652  -4.14530 0.15094E+02   0.12175
  0.45587034E+08   6.97284   3.97535   4.02386   2.35489  -3.02980  -3.67233  -4.14244 0.14869E+02   0.12215
  0.45647787E+08   6.97265   3.97731   4.02904   2.37362  -3.02545  -3.66852  -4.13979 0.14670E+02   0.12252
  0.45707394E+08   6.97247   3.97918   4.03398   2.39149  -3.02128  -3.66482  -4.13716 0.14485E+02   0.12286
  0.45778923E+08   6.97225   3.98127   4.03915   2.41008  -3.01711  -3.66108  -4.13449 0.14303E+02   0.12319
  0.45864758E+08   6.97199   3.98370   4.04445   2.42881  -3.01327  -3.65761  -4.13205 0.14136E+02   0.12349
  0.45944685E+08   6.97176   3.98600   4.04930   2.44592  -3.00985  -3.65447  -4.12983 0.13987E+02   0.12374
  0.46040597E+08   6.97148   3.98860   4.05418   2.46281  -3.00684  -3.65170  -4.12793 0.13859E+02   0.12395
  0.46155692E+08   6.97115   3.99161   4.05874   2.47802  -3.00488  -3.64993  -4.12690 0.13772E+02   0.12406
  0.46293807E+08   6.97076   3.99512   4.06261   2.48997  -3.00465  -3.64981  -4.12736 0.13756E+02   0.12400
  0.46459543E+08   6.97029   3.99924   4.06534   2.49675  -3.00691  -3.65214  -4.13003 0.13840E+02   0.12371
  0.46658428E+08   6.96973   4.00406   4.06546   2.49236  -3.01389  -3.65911  -4.13683 0.14126E+02   0.12299
  0.46897089E+08   6.96904   4.00975   4.06013   2.46530  -3.02985  -3.67484  -4.15129 0.14821E+02   0.12148
  0.47099404E+08   6.96843   4.01475   4.05974   2.45872  -3.03786  -3.68281  -4.15895 0.15157E+02   0.12068
  0.47220793E+08   6.96806   4.01759   4.05082   2.42018  -3.05472  -3.69906  -4.17313 0.16034E+02   0.11916
  0.47293627E+08   6.96738   4.01933   4.04180   2.38230  -3.07020  -3.71368  -4.18552 0.16876E+02   0.11778
  0.47324492E+08   6.96708   4.02008   4.03719   2.36310  -3.07789  -3.72084  -4.19148 0.17316E+02   0.11710
  0.47356582E+08   6.96676   4.02078   4.03114   2.33818  -3.08753  -3.72968  -4.19869 0.17881E+02   0.11625
  0.47386042E+08   6.96645   4.02136   4.02429   2.31018  -3.09810  -3.73921  -4.20631 0.18522E+02   0.11531
  0.47412563E+08   6.96616   4.02183   4.01684   2.27991  -3.10929  -3.74911  -4.21404 0.19229E+02   0.11432
  0.47435342E+08   6.96590   4.02215   4.00925   2.24920  -3.12039  -3.75873  -4.22136 0.19965E+02   0.11332
  0.47454639E+08   6.96567   4.02235   4.00173   2.21891  -3.13111  -3.76779  -4.22807 0.20711E+02   0.11236
  0.47471005E+08   6.96547   4.02243   3.99435   2.18931  -3.14133  -3.77622  -4.23413 0.21462E+02   0.11143
  0.47484979E+08   6.96530   4.02241   3.98714   2.16045  -3.15107  -3.78404  -4.23956 0.22216E+02   0.11053
  0.47497013E+08   6.96514   4.02230   3.98006   2.13225  -3.16033  -3.79127  -4.24439 0.22975E+02   0.10967
  0.47507462E+08   6.96500   4.02211   3.97311   2.10462  -3.16917  -3.79796  -4.24869 0.23740E+02   0.10883
  0.47516604E+08   6.96487   4.02185   3.96627   2.07750  -3.17759  -3.80413  -4.25247 0.24514E+02   0.10802
  0.47524652E+08   6.96476   4.02152   3.95952   2.05082  -3.18559  -3.80977  -4.25571 0.25297E+02   0.10723
  0.47531779E+08   6.96465   4.02114   3.95286   2.02456  -3.19316  -3.81485  -4.25838 0.26091E+02   0.10647
  0.47538123E+08   6.96456   4.02070   3.94627   1.99866  -3.20026  -3.81934  -4.26041 0.26897E+02   0.10573
  0.47543798E+08   6.96447   4.02020   3.93976   1.97309  -3.20688  -3.82320  -4.26176 0.27716E+02   0.10502
  0.47548897E+08   6.96439   4.01964   3.93330   1.94783  -3.21299  -3.82639  -4.26238 0.28548E+02   0.10432
  0.47553495E+08   6.96431   4.01904   3.92691   1.92284  -3.21856  -3.82888  -4.26223 0.29395E+02   0.10366
  0.47557658E+08   6.96424   4.01839   3.92057   1.89812  -3.22358  -3.83065  -4.26128 0.30256E+02   0.10302
  0.47559548E+08   6.96421   4.01806   3.91756   1.88642  -3.22578  -3.83125  -4.26055 0.30673E+02   0.10272
  0.47561438E+08   6.96418   4.01770   3.91442   1.87421  -3.22793  -3.83168  -4.25956 0.31114E+02   0.10241
  0.47563329E+08   6.96414   4.01730   3.91112   1.86143  -3.23003  -3.83192  -4.25828 0.31583E+02   0.10210
  0.47563801E+08   6.96414   4.01720   3.91029   1.85820  -3.23053  -3.83194  -4.25790 0.31703E+02   0.10202
  0.47564274E+08   6.96413   4.01709   3.90945   1.85493  -3.23103  -3.83195  -4.25752 0.31824E+02   0.10194
  0.47564746E+08   6.96412   4.01699   3.90859   1.85163  -3.23152  -3.83194  -4.25711 0.31947E+02   0.10186
  0.47565219E+08   6.96411   4.01688   3.90773   1.84829  -3.23201  -3.83192  -4.25668 0.32073E+02   0.10178
  0.47565786E+08   6.96410   4.01674   3.90668   1.84422  -3.23259  -3.83187  -4.25612 0.32226E+02   0.10168
  0.47566466E+08   6.96409   4.01657   3.90540   1.83925  -3.23327  -3.83178  -4.25541 0.32413E+02   0.10157
  0.47567283E+08   6.96407   4.01636   3.90382   1.83316  -3.23406  -3.83161  -4.25447 0.32645E+02   0.10142
  0.47568263E+08   6.96406   4.01609   3.90188   1.82566  -3.23499  -3.83133  -4.25323 0.32934E+02   0.10125
  0.47569439E+08   6.96403   4.01574   3.89947   1.81635  -3.23604  -3.83087  -4.25156 0.33295E+02   0.10104
  0.47570850E+08   6.96401   4.01529   3.89644   1.80471  -3.23723  -3.83012  -4.24926 0.33752E+02   0.10078
  0.47572543E+08   6.96398   4.01470   3.89261   1.78998  -3.23853  -3.82888  -4.24602 0.34339E+02   0.10046
  0.47574575E+08   6.96394   4.01389   3.88768   1.77108  -3.23982  -3.82681  -4.24130 0.35109E+02   0.10006
  0.47577014E+08   6.96389   4.01277   3.88121   1.74629  -3.24094  -3.82334  -4.23426 0.36143E+02   0.09956
  0.47579940E+08   6.96384   4.01118   3.87246   1.71288  -3.24146  -3.81740  -4.22330 0.37584E+02   0.09891
  0.47582281E+08   6.96379   4.00969   3.86471   1.68337  -3.24102  -3.81102  -4.21234 0.38907E+02   0.09837
  0.47584209E+08   6.96375   4.00828   3.85773   1.65686  -3.23991  -3.80441  -4.20152 0.40136E+02   0.09790
  0.47585877E+08   6.96372   4.00688   3.85117   1.63202  -3.23828  -3.79752  -4.19061 0.41325E+02   0.09749
  0.47587362E+08   6.96368   4.00547   3.84485   1.60815  -3.23616  -3.79025  -4.17941 0.42503E+02   0.09711
  0.47588709E+08   6.96366   4.00403   3.83868   1.58488  -3.23359  -3.78258  -4.16785 0.43685E+02   0.09676
  0.47589943E+08   6.96363   4.00255   3.83259   1.56200  -3.23056  -3.77445  -4.15585 0.44881E+02   0.09643
  0.47591081E+08   6.96360   4.00103   3.82656   1.53942  -3.22702  -3.76580  -4.14329 0.46095E+02   0.09613
  0.47592135E+08   6.96358   3.99945   3.82057   1.51704  -3.22306  -3.75673  -4.13031 0.47333E+02   0.09584
  0.47593114E+08   6.96356   3.99782   3.81462   1.49488  -3.21855  -3.74705  -4.11665 0.48593E+02   0.09559
  0.47594025E+08   6.96354   3.99614   3.80871   1.47289  -3.21353  -3.73680  -4.10237 0.49879E+02   0.09535
  0.47594876E+08   6.96352   3.99441   3.80282   1.45109  -3.20791  -3.72589  -4.08734 0.51190E+02   0.09514
  0.47595672E+08   6.96350   3.99262   3.79695   1.42940  -3.20186  -3.71450  -4.07180 0.52532E+02   0.09495
  0.47596418E+08   6.96348   3.99078   3.79112   1.40791  -3.19510  -3.70231  -4.05533 0.53898E+02   0.09479
  0.47597117E+08   6.96347   3.98888   3.78531   1.38657  -3.18776  -3.68944  -4.03808 0.55293E+02   0.09466
  0.47597775E+08   6.96345   3.98692   3.77950   1.36529  -3.17998  -3.67612  -4.02036 0.56723E+02   0.09455
  0.47598394E+08   6.96343   3.98489   3.77373   1.34424  -3.17143  -3.66188  -4.00156 0.58177E+02   0.09447
  0.47598976E+08   6.96342   3.98281   3.76799   1.32333  -3.16226  -3.64693  -3.98195 0.59663E+02   0.09443
  0.47599505E+08   6.96341   3.98075   3.76250   1.30347  -3.15267  -3.63165  -3.96203 0.61113E+02   0.09442
  0.47599991E+08   6.96340   3.97869   3.75723   1.28443  -3.14267  -3.61599  -3.94175 0.62540E+02   0.09445
  0.47600463E+08   6.96338   3.97652   3.75184   1.26504  -3.13176  -3.59917  -3.92009 0.64029E+02   0.09451
  0.47600922E+08   6.96337   3.97422   3.74637   1.24543  -3.11954  -3.58065  -3.89637 0.65577E+02   0.09463
  0.47601365E+08   6.96336   3.97182   3.74084   1.22575  -3.10616  -3.56067  -3.87092 0.67171E+02   0.09479
  0.47601789E+08   6.96335   3.96930   3.73531   1.20614  -3.09150  -3.53909  -3.84359 0.68804E+02   0.09501
  0.47602193E+08   6.96334   3.96671   3.72985   1.18688  -3.07557  -3.51594  -3.81444 0.70449E+02   0.09530
  0.47602574E+08   6.96333   3.96404   3.72443   1.16787  -3.05904  -3.49217  -3.78468 0.72118E+02   0.09562
  0.47602939E+08   6.96332   3.96127   3.71913   1.14944  -3.04026  -3.46554  -3.75155 0.73776E+02   0.09606
  0.47603295E+08   6.96331   3.95835   3.71388   1.13138  -3.01879  -3.43548  -3.71442 0.75448E+02   0.09662
  0.47603641E+08   6.96330   3.95525   3.70859   1.11328  -2.99531  -3.40301  -3.67462 0.77162E+02   0.09728
  0.47603979E+08   6.96330   3.95196   3.70338   1.09576  -2.96839  -3.36630  -3.63003 0.78867E+02   0.09812
  0.47604301E+08   6.96329   3.94856   3.69841   1.07928  -2.93869  -3.32638  -3.58209 0.80509E+02   0.09913
  0.47604596E+08   6.96328   3.94518   3.69405   1.06518  -2.90640  -3.28379  -3.53170 0.81955E+02   0.10032
  0.47604856E+08   6.96328   3.94199   3.69083   1.05551  -2.86979  -3.23668  -3.47708 0.82988E+02   0.10184
  0.47605080E+08   6.96327   3.93906   3.68817   1.04781  -2.83558  -3.19360  -3.42810 0.83826E+02   0.10335
  0.47605271E+08   6.96327   3.93643   3.68619   1.04250  -2.80327  -3.15374  -3.38354 0.84426E+02   0.10487
  0.47605431E+08   6.96326   3.93413   3.68461   1.03851  -2.77491  -3.11930  -3.34555 0.84884E+02   0.10628
  0.47605563E+08   6.96326   3.93216   3.68359   1.03636  -2.74895  -3.08822  -3.31165 0.85150E+02   0.10763
  0.47605672E+08   6.96326   3.93041   3.68176   1.03081  -2.73467  -3.07115  -3.29306 0.85742E+02   0.10834
  0.47605761E+08   6.96325   3.92910   3.68150   1.03107  -2.71404  -3.04694  -3.26706 0.85754E+02   0.10949
  0.47605832E+08   6.96325   3.92785   3.68026   1.02739  -2.70471  -3.03596  -3.25523 0.86148E+02   0.10998
  0.47605889E+08   6.96325   3.92712   3.68062   1.02957  -2.68788  -3.01648  -3.23451 0.85951E+02   0.11099
  0.47605934E+08   6.96325   3.92612   3.67939   1.02563  -2.68474  -3.01277  -3.23050 0.86358E+02   0.11112
  0.47605970E+08   6.96325   3.92582   3.67993   1.02810  -2.67211  -2.99826  -3.21517 0.86128E+02   0.11190
  0.47606014E+08   6.96325   3.92475   3.67870   1.02423  -2.66916  -2.99480  -3.21145 0.86532E+02   0.11204
  0.47606066E+08   6.96325   3.92417   3.67921   1.02686  -2.65273  -2.97606  -3.19173 0.86291E+02   0.11307
  0.47606129E+08   6.96325   3.92302   3.67895   1.02699  -2.63847  -2.95987  -3.17474 0.86306E+02   0.11396
  0.47606204E+08   6.96325   3.92142   3.67722   1.02163  -2.63062  -2.95090  -3.16528 0.86879E+02   0.11440
  0.47606294E+08   6.96324   3.92006   3.67732   1.02341  -2.60729  -2.92469  -3.13801 0.86744E+02   0.11593
  0.47606403E+08   6.96324   3.91787   3.67592   1.02001  -2.58847  -2.90368  -3.11622 0.87129E+02   0.11715
  0.47606533E+08   6.96324   3.91559   3.67564   1.02117  -2.55768  -2.86972  -3.08130 0.87065E+02   0.11931
  0.47606656E+08   6.96324   3.91325   3.67523   1.02184  -2.52970  -2.83925  -3.05024 0.87036E+02   0.12136
  0.47606776E+08   6.96323   3.91056   3.67342   1.01729  -2.51034  -2.81836  -3.02906 0.87535E+02   0.12278
  0.47606893E+08   6.96323   3.90830   3.67253   1.01599  -2.48728  -2.79372  -3.00425 0.87715E+02   0.12458
  0.47607009E+08   6.96323   3.90626   3.67258   1.01827  -2.46006  -2.76502  -2.97559 0.87520E+02   0.12685
  0.47607125E+08   6.96323   3.90344   3.67117   1.01541  -2.44013  -2.74425  -2.95502 0.87846E+02   0.12854
  0.47607232E+08   6.96323   3.90152   3.67086   1.01609  -2.41801  -2.72144  -2.93255 0.87807E+02   0.13054
  0.47607361E+08   6.96322   3.89925   3.67106   1.01917  -2.38992  -2.69282  -2.90455 0.87533E+02   0.13323
  0.47607516E+08   6.96322   3.89591   3.67045   1.02006  -2.36062  -2.66342  -2.87605 0.87478E+02   0.13618
  0.47607662E+08   6.96322   3.89230   3.66886   1.01732  -2.33722  -2.64012  -2.85355 0.87781E+02   0.13862
  0.47607806E+08   6.96322   3.88943   3.66802   1.01683  -2.31215  -2.61533  -2.82968 0.87855E+02   0.14137
  0.47607945E+08   6.96321   3.88753   3.66847   1.02052  -2.28512  -2.58878  -2.80418 0.87506E+02   0.14450
  0.47608080E+08   6.96321   3.88376   3.66717   1.01910  -2.26370  -2.56792  -2.78429 0.87662E+02   0.14705
  0.47608214E+08   6.96321   3.88099   3.66644   1.01896  -2.24119  -2.54600  -2.76334 0.87687E+02   0.14980
  0.47608343E+08   6.96321   3.87951   3.66698   1.02261  -2.21676  -2.52224  -2.74060 0.87325E+02   0.15292
  0.47608469E+08   6.96321   3.87665   3.66662   1.02402  -2.19517  -2.50140  -2.72078 0.87185E+02   0.15575
  0.47608594E+08   6.96320   3.87265   3.66507   1.02183  -2.17618  -2.48315  -2.70348 0.87405E+02   0.15828
  0.47608719E+08   6.96320   3.87201   3.66580   1.02537  -2.15278  -2.46049  -2.68181 0.87042E+02   0.16150
  0.47608844E+08   6.96320   3.86760   3.66421   1.02342  -2.13382  -2.44236  -2.66468 0.87229E+02   0.16417
  0.47608969E+08   6.96320   3.86706   3.66484   1.02647  -2.11097  -2.42029  -2.64357 0.86910E+02   0.16745
  0.47609093E+08   6.96320   3.86309   3.66353   1.02522  -2.09157  -2.40180  -2.62612 0.87019E+02   0.17032
  0.47609218E+08   6.96320   3.86111   3.66306   1.02532  -2.07088  -2.38194  -2.60721 0.86989E+02   0.17342
  0.47609367E+08   6.96319   3.85984   3.66345   1.02813  -2.04426  -2.35638  -2.58281 0.86677E+02   0.17752
  0.47609546E+08   6.96319   3.85487   3.66170   1.02612  -2.01604  -2.32955  -2.55746 0.86829E+02   0.18201
  0.47609715E+08   6.96319   3.85442   3.66216   1.02839  -1.98641  -2.30110  -2.53026 0.86550E+02   0.18682
  0.47609884E+08   6.96319   3.85025   3.66045   1.02571  -1.96035  -2.27642  -2.50695 0.86760E+02   0.19119
  0.47610050E+08   6.96319   3.85084   3.66093   1.02708  -1.93176  -2.24902  -2.48073 0.86553E+02   0.19607
  0.47610216E+08   6.96318   3.84742   3.65926   1.02381  -1.90662  -2.22524  -2.45825 0.86803E+02   0.20051
  0.47610381E+08   6.96318   3.84856   3.65945   1.02342  -1.87961  -2.19941  -2.43350 0.86761E+02   0.20534
  0.47610545E+08   6.96318   3.84676   3.65808   1.01974  -1.85507  -2.17622  -2.41153 0.87037E+02   0.20987
  0.47610743E+08   6.96318   3.84872   3.65801   1.01748  -1.82428  -2.14686  -2.38340 0.87147E+02   0.21564
  0.47610979E+08   6.96318   3.84837   3.65604   1.00999  -1.79059  -2.11509  -2.35324 0.87747E+02   0.22218
  0.47611203E+08   6.96317   3.85199   3.65513   1.00270  -1.75914  -2.08525  -2.32467 0.88332E+02   0.22840
  0.47611429E+08   6.96317   3.85817   3.65494   0.99576  -1.72827  -2.05582  -2.29630 0.88872E+02   0.23462
  0.47611700E+08   6.96317   3.86453   3.65352   0.98374  -1.69488  -2.02424  -2.26600 0.89903E+02   0.24156
  0.47612024E+08   6.96316   3.87414   3.65123   0.96494  -1.65906  -1.99037  -2.23341 0.91610E+02   0.24920
  0.47612414E+08   6.96316   3.89142   3.64968   0.94146  -1.62120  -1.95424  -2.19821 0.93811E+02   0.25740
  0.47612882E+08   6.96315   3.91354   3.64742   0.91034  -1.58553  -1.92004  -2.16459 0.96891E+02   0.26529
  0.47613443E+08   6.96314   3.93970   3.64478   0.87362  -1.55502  -1.89044  -2.13505 0.10073E+03   0.27212
  0.47613892E+08   6.96312   3.95847   3.64256   0.84595  -1.53791  -1.87361  -2.11798 0.10376E+03   0.27596
  0.47614260E+08   6.96311   3.97258   3.64146   0.82742  -1.52730  -1.86295  -2.10697 0.10585E+03   0.27831
  0.47614703E+08   6.96309   3.98514   3.64017   0.80969  -1.51879  -1.85430  -2.09794 0.10792E+03   0.28018
  0.47615234E+08   6.96307   3.99655   3.63960   0.79604  -1.51256  -1.84775  -2.09093 0.10955E+03   0.28149
  0.47615658E+08   6.96305   4.00197   3.63870   0.78699  -1.51006  -1.84507  -2.08801 0.11068E+03   0.28201
  0.47615998E+08   6.96303   4.00588   3.63850   0.78230  -1.50883  -1.84363  -2.08634 0.11128E+03   0.28223
  0.47616406E+08   6.96301   4.00866   3.63831   0.77875  -1.50860  -1.84318  -2.08570 0.11176E+03   0.28222
  0.47616895E+08   6.96298   4.01003   3.63800   0.77612  -1.50966  -1.84402  -2.08637 0.11215E+03   0.28191
  0.47617482E+08   6.96295   4.01098   3.63840   0.77677  -1.51167  -1.84571  -2.08783 0.11216E+03   0.28136
  0.47618187E+08   6.96291   4.00935   3.63820   0.77762  -1.51551  -1.84930  -2.09131 0.11217E+03   0.28041
  0.47619032E+08   6.96286   4.00768   3.63904   0.78263  -1.52009  -1.85351  -2.09533 0.11168E+03   0.27927
  0.47620047E+08   6.96280   4.00344   3.63888   0.78623  -1.52616  -1.85935  -2.10113 0.11139E+03   0.27782
  0.47621264E+08   6.96273   3.99981   3.63972   0.79322  -1.53207  -1.86493  -2.10659 0.11068E+03   0.27640
  0.47622725E+08   6.96266   3.99536   3.64029   0.79996  -1.53779  -1.87043  -2.11206 0.10999E+03   0.27506
  0.47624478E+08   6.96257   3.99103   3.64065   0.80570  -1.54216  -1.87473  -2.11642 0.10942E+03   0.27406
  0.47626582E+08   6.96247   3.98741   3.64093   0.81044  -1.54377  -1.87649  -2.11836 0.10894E+03   0.27375
  0.47629106E+08   6.96235   3.98522   3.64137   0.81438  -1.54073  -1.87395  -2.11618 0.10852E+03   0.27458
  0.47632135E+08   6.96222   3.98523   3.64107   0.81316  -1.53047  -1.86473  -2.10761 0.10866E+03   0.27719
  0.47634559E+08   6.96211   3.98774   3.64050   0.80836  -1.51863  -1.85392  -2.09737 0.10921E+03   0.28016
  0.47636777E+08   6.96201   3.99213   3.63925   0.79897  -1.50570  -1.84202  -2.08599 0.11032E+03   0.28339
  0.47638630E+08   6.96192   3.99793   3.63834   0.78952  -1.49406  -1.83116  -2.07547 0.11146E+03   0.28628
  0.47640854E+08   6.96180   4.00706   3.63756   0.77728  -1.47981  -1.81771  -2.06226 0.11299E+03   0.28979
  0.47643523E+08   6.96165   4.01948   3.63599   0.75857  -1.46405  -1.80270  -2.04738 0.11542E+03   0.29367
  0.47646726E+08   6.96145   4.03570   3.63482   0.73766  -1.44767  -1.78681  -2.03133 0.11829E+03   0.29765
  0.47649288E+08   6.96125   4.04815   3.63325   0.71891  -1.43679  -1.77613  -2.02041 0.12100E+03   0.30028
  0.47651337E+08   6.96108   4.05790   3.63215   0.70474  -1.42917  -1.76855  -2.01258 0.12314E+03   0.30210
  0.47652977E+08   6.96092   4.06546   3.63148   0.69449  -1.42366  -1.76300  -2.00680 0.12475E+03   0.30341
  0.47654945E+08   6.96072   4.07391   3.63058   0.68245  -1.41776  -1.75703  -2.00055 0.12671E+03   0.30481
  0.47657306E+08   6.96046   4.08359   3.62970   0.66921  -1.41139  -1.75052  -1.99367 0.12896E+03   0.30630
  0.47659195E+08   6.96023   4.09097   3.62900   0.65902  -1.40677  -1.74576  -1.98860 0.13076E+03   0.30737
  0.47660706E+08   6.96003   4.09655   3.62821   0.65028  -1.40342  -1.74230  -1.98491 0.13233E+03   0.30815
  0.47662520E+08   6.95977   4.10333   3.62792   0.64232  -1.39943  -1.73809  -1.98037 0.13386E+03   0.30906
  0.47664696E+08   6.95945   4.11077   3.62711   0.63163  -1.39519  -1.73364  -1.97558 0.13594E+03   0.31002
  0.47666437E+08   6.95917   4.11666   3.62659   0.62362  -1.39195  -1.73020  -1.97184 0.13755E+03   0.31076
  0.47668526E+08   6.95881   4.12345   3.62595   0.61424  -1.38831  -1.72631  -1.96760 0.13951E+03   0.31157
  0.47671033E+08   6.95835   4.13131   3.62523   0.60347  -1.38419  -1.72189  -1.96275 0.14184E+03   0.31249
  0.47673038E+08   6.95795   4.13737   3.62453   0.59461  -1.38112  -1.71856  -1.95909 0.14379E+03   0.31317
  0.47675445E+08   6.95744   4.14450   3.62390   0.58492  -1.37756  -1.71468  -1.95480 0.14606E+03   0.31396
  0.47678333E+08   6.95678   4.15270   3.62314   0.57363  -1.37355  -1.71027  -1.94991 0.14879E+03   0.31483
